2 0.681704260651629 0.4154735682819383 0.10325814536340852 0.11288546255506608
2 0.27042606516290724 0.38050660792951546 0.10576441102756892 0.11343612334801761
2 0.5526315789473685 0.40390969162995594 0.1037593984962406 0.11288546255506608
2 0.10952380952380952 0.3813325991189428 0.10776942355889724 0.11508810572687227
5 0.41253132832080197 0.5225770925110133 0.11929824561403508 0.1288546255506608
1 0.4027568922305765 0.852147577092511 0.12581453634085213 0.14262114537444934
5 0.26591478696741855 0.5267070484581499 0.12080200501253133 0.1305066079295154
2 0.41102756892230574 0.3915198237885463 0.10526315789473684 0.11343612334801761
4 0.6573934837092732 0.6409691629955947 0.1137844611528822 0.11674008810572686
1 0.7005012531328321 0.8579295154185022 0.12380952380952381 0.13986784140969163
1 0.09874686716791979 0.8232378854625552 0.13132832080200502 0.1420704845814978
6 0.8315789473684211 0.4182268722466961 0.11027568922305765 0.12059471365638766
1 0.24962406015037594 0.8449889867841409 0.12832080200501253 0.14151982378854625
7 0.09573934837092732 0.6651982378854626 0.1343358395989975 0.14427312775330398
5 0.11954887218045113 0.5093612334801761 0.12380952380952381 0.13105726872246695
6 0.09573934837092732 0.6651982378854626 0.1343358395989975 0.14427312775330398
0 0.41102756892230574 0.3915198237885463 0.10526315789473684 0.11343612334801761
1 0.5519803693333754 0.8567106888098354 0.13132832080200502 0.1420704845814978
