1 0.7322289156626506 0.8978201634877384 0.11987951807228915 0.10953678474114441
4 0.8975903614457831 0.7888283378746594 0.13493975903614458 0.1226158038147139
4 0.8713855421686748 0.9130790190735695 0.13433734939759037 0.1226158038147139
7 0.661144578313253 0.23106267029972752 0.12590361445783133 0.11444141689373297
1 0.6509036144578314 0.10136239782016349 0.12590361445783133 0.11444141689373297
7 0.6424698795180723 0.3711171662125341 0.12590361445783133 0.11444141689373297
6 0.45813253012048194 0.8847411444141688 0.11626506024096385 0.10626702997275204
1 0.741867469879518 0.7741144414168937 0.12108433734939758 0.10953678474114441
7 0.6003012048192771 0.8991825613079019 0.1246987951807229 0.11553133514986376
2 0.33975903614457836 0.2610354223433243 0.10240963855421686 0.09264305177111716
7 0.6045180722891567 0.7534059945504086 0.1246987951807229 0.11498637602179837
7 0.6256024096385542 0.4920980926430517 0.1246987951807229 0.11444141689373297
0 0.16957831325301206 0.2087193460490463 0.08975903614457831 0.08283378746594006
2 0.33704819277108433 0.6599455040871933 0.10542168674698797 0.09373297002724795
2 0.31265060240963854 0.8637602179836512 0.10240963855421686 0.09373297002724795
2 0.3460843373493976 0.5539509536784741 0.10180722891566266 0.09209809264305177
7 0.6325301204819277 0.6217983651226158 0.12530120481927712 0.11444141689373297
2 0.31596385542168676 0.7574931880108992 0.10301204819277109 0.09373297002724795
2 0.34337349397590367 0.1643051771117166 0.10240963855421686 0.09318801089918256
5 0.31566265060240967 0.7574931880108992 0.10240963855421686 0.09373297002724795
1 0.6045180722891567 0.7534059945504086 0.1246987951807229 0.11498637602179837
2 0.33050864546050307 0.36005913224569525 0.10240963855421686 0.09264305177111716
2 0.3428424997059368 0.4604775422875362 0.10240963855421686 0.09264305177111716
5 0.4596742619011611 0.7438764303276975 0.11626506024096385 0.10626702997275203
5 0.4797167750499908 0.6295110188911565 0.11626506024096385 0.10626702997275203
5 0.49359236107610366 0.5095668068967352 0.11626506024096385 0.10626702997275203
1 0.7588265194669893 0.6597490299803526 0.12108433734939758 0.10953678474114441
