4 0.10872093023255815 0.09442508710801395 0.11279069767441859 0.14006968641114984
4 0.11017441860465116 0.2682926829268293 0.11337209302325581 0.13797909407665504
1 0.23982558139534885 0.11289198606271779 0.09941860465116278 0.11707317073170734
5 0.3688953488372093 0.2787456445993031 0.09244186046511628 0.11567944250871082
6 0.6540697674418604 0.25574912891986057 0.08372093023255815 0.11289198606271779
6 0.465406976744186 0.46376306620209057 0.08081395348837209 0.09407665505226481
4 0.12093023255813953 0.43728222996515675 0.11279069767441859 0.13310104529616726
1 0.24069767441860462 0.2571428571428572 0.09883720930232558 0.1240418118466899
4 0.24069767441860462 0.2571428571428572 0.09883720930232558 0.1240418118466899
5 0.3601744186046511 0.7473867595818815 0.0936046511627907 0.11358885017421602
0 0.8537790697674419 0.3839721254355401 0.06453488372093023 0.0808362369337979
6 0.6659883720930232 0.4202090592334495 0.08662790697674419 0.10731707317073172
3 0.766860465116279 0.23066202090592333 0.07209302325581396 0.09477351916376307
4 0.23982558139534885 0.11289198606271779 0.09941860465116278 0.11707317073170734
5 0.3479651162790698 0.8630662020905924 0.0936046511627907 0.11219512195121953
3 0.8537790697674419 0.3839721254355401 0.06453488372093023 0.0808362369337979
5 0.36366279069767443 0.1250871080139373 0.0936046511627907 0.11219512195121953
5 0.3531976744186046 0.4278745644599303 0.0936046511627907 0.11428571428571428
4 0.11627906976744186 0.5979094076655052 0.11046511627906977 0.12961672473867597
1 0.2431278080759558 0.4202581699484761 0.09883720930232558 0.1240418118466899
5 0.3483374071039024 0.5793387834937194 0.0936046511627907 0.11428571428571428
0 0.8513489361100908 0.23978984000914477 0.06453488372093023 0.0808362369337979
3 0.7571399304868744 0.38795178682562736 0.07209302325581396 0.09477351916376307
6 0.4763425782022662 0.30356052683942913 0.0808139534883721 0.09407665505226478
6 0.47269737771623954 0.12879412026198023 0.0808139534883721 0.09407665505226478
