6 0.5398259705488622 0.21274738067520374 0.17670682730923695 0.15948777648428406
2 0.2642235609103079 0.7035797438882422 0.16298527443105754 0.14231664726426077
4 0.7399598393574297 0.6602153667054715 0.214190093708166 0.18597206053550644
2 0.40478580990629176 0.6316938300349243 0.16030789825970548 0.139988358556461
2 0.6059236947791165 0.3512805587892899 0.1609772423025435 0.14318975552968569
2 0.20548862115127176 0.3637951105937136 0.16599732262382866 0.14260768335273574
6 0.7366131191432398 0.21056461001164145 0.17938420348058906 0.15919674039580908
5 0.5515394912985275 0.7123108265424912 0.18206157965194109 0.1621071012805588
2 0.1924364123159304 0.8320721769499417 0.1639892904953146 0.14493597206053552
2 0.10023427041499332 0.6877182770663564 0.16566265060240964 0.14260768335273574
6 0.7366131191432398 0.21056461001164145 0.17938420348058906 0.15919674039580908
2 0.19260374832663993 0.8320721769499417 0.1643239625167336 0.14493597206053552
2 0.20665997322623827 0.5243015133876601 0.1643239625167336 0.14115250291036088
6 0.29585006693440424 0.230209545983702 0.17670682730923695 0.15774155995343422
5 0.40478580990629176 0.6316938300349243 0.16030789825970548 0.139988358556461
2 0.4113737609666934 0.8299776912922978 0.16566265060240964 0.14260768335273574
2 0.5717549416634461 0.8606610943606381 0.16566265060240964 0.14260768335273574
2 0.41939282000153105 0.4910655574010845 0.16566265060240964 0.14260768335273574
2 0.40816613735275836 0.34322734261726295 0.16566265060240964 0.14260768335273574
2 0.602227365995829 0.4896708572616144 0.16566265060240964 0.14260768335273574
5 0.8065455686063642 0.48776410408781906 0.18206157965194109 0.1621071012805588
5 0.8546599228153898 0.3357417888855875 0.18206157965194109 0.1621071012805588
