2 0.41223167204328887 0.10461731419345233 0.11460863109214756 0.11540729751090818
2 0.5184543057384497 0.13017463959379186 0.11460863109214756 0.11540729751090818
2 0.647039599158908 0.212836613935515 0.11460863109214756 0.11540729751090818
2 0.2745187624084231 0.3252203885754008 0.11460863109214756 0.11540729751090818
2 0.13589309115211712 0.18431281326549306 0.11460863109214756 0.11540729751090818
2 0.39831205731631764 0.35089180917842033 0.11460863109214756 0.11540729751090818
2 0.24656543775180156 0.5208936611717502 0.11460863109214756 0.11540729751090818
2 0.48730631540678554 0.5026384287429364 0.11460863109214756 0.11540729751090818
2 0.5945558059260674 0.483812720300722 0.11460863109214756 0.11540729751090818
2 0.7993566947368237 0.7753259631483447 0.11460863109214756 0.11540729751090818
2 0.14045689925932 0.6252907716240298 0.11460863109214756 0.11540729751090818
5 0.45438414467344673 0.7247897750252532 0.12265234288109393 0.1226523428810951
5 0.167434709933027 0.38107797695148987 0.13177995909550136 0.13006853105530197
5 0.6269531387270765 0.32887942172534906 0.12436377092129881 0.12265234288109772
5 0.7456121495143669 0.31176514132333594 0.12436377092129881 0.12265234288109772
5 0.256999444036893 0.20308946077055265 0.1294980550419034 0.1289275790285028
1 0.20708279286435793 0.7647230959632837 0.13691424321610435 0.13292091112230273
1 0.33715132391965724 0.7789849962982944 0.13691424321610435 0.13292091112230273
1 0.5476569728644182 0.8029449888611127 0.13691424321610435 0.13292091112230273
1 0.5302574544557038 0.6258121867002765 0.12721615098829833 0.1289275790285009
1 0.2684089643049034 0.6375069449749847 0.13406186314910404 0.1306390070687029
1 0.6991183544222319 0.4309946281240266 0.12721615098829936 0.1306390070687029
1 0.5148546020938912 0.38307464299839006 0.12721615098829936 0.1306390070687029
4 0.36538988658297855 0.4717836630821598 0.14889423949751482 0.14490090740371225
5 0.6423559910888882 0.7165178728309459 0.12208186686769647 0.12208186686769636
7 0.6534802733501993 0.5878755318091493 0.13063900706869958 0.13406186314910243
7 0.40104463742050583 0.6078421922781644 0.1357732911893041 0.13406186314910215
7 0.520274124221197 0.2512946839028917 0.1357732911893041 0.13406186314910215
7 0.3879236891122957 0.22505278728647163 0.1357732911893041 0.13406186314910215
