1 0.539647577092511 0.6941045606229143 0.10682819383259912 0.11123470522803114
4 0.3934471365638766 0.8648498331479421 0.11949339207048458 0.12569521690767518
1 0.6847635921823064 0.8439933259176864 0.1183920704845815 0.12180200222469412
1 0.8141519823788547 0.6879866518353727 0.10627753303964757 0.11012235817575083
1 0.3948237885462555 0.6871523915461624 0.10682819383259912 0.1117908787541713
5 0.5101872246696035 0.5561735261401557 0.10187224669603526 0.10456062291434928
5 0.8023127753303966 0.5514460511679643 0.10022026431718062 0.10400444938820912
5 0.6696035242290749 0.5639599555061179 0.1013215859030837 0.10456062291434928
2 0.7992841409691631 0.4193548387096774 0.08975770925110133 0.09010011123470524
4 0.8108480176211453 0.8362068965517241 0.1183920704845815 0.12402669632925473
5 0.3626101321585903 0.5731368186874305 0.10297356828193832 0.10622914349276974
1 0.6830947136563877 0.7002224694104561 0.10627753303964757 0.11012235817575083
2 0.504955947136564 0.4321468298109011 0.08920704845814978 0.09121245828698556
4 0.5322136563876652 0.8565072302558399 0.11949339207048458 0.12569521690767518
3 0.16382158590308368 0.2755839822024472 0.09306167400881056 0.0917686318131257
2 0.6588656387665199 0.43270300333704115 0.08975770925110133 0.09121245828698556
6 0.16382158590308368 0.2755839822024472 0.09306167400881056 0.0917686318131257
0 0.25908590308370044 0.15183537263626254 0.08645374449339208 0.08565072302558399
