2 0.1806167400881057 0.385814078452445 0.12444933920704844 0.12036539494895218
5 0.4686123348017621 0.4876410531972058 0.14096916299559473 0.1370231058570661
1 0.46558370044052866 0.640784524449221 0.14702643171806168 0.1445459430413756
2 0.16079295154185022 0.2675980655561526 0.12555066079295155 0.12144008597528211
2 0.5567180616740088 0.3796346050510478 0.12444933920704844 0.12090274046211714
2 0.4355726872246696 0.3538420204191295 0.12444933920704844 0.11982804943578723
5 0.7505506607929516 0.4989253089736701 0.13986784140969163 0.1370231058570661
2 0.3108480176211454 0.3839333691563676 0.125 0.11982804943578723
1 0.3191079295154185 0.6518001074691027 0.14702643171806168 0.14400859752821063
1 0.17098017621145373 0.6539494895217625 0.14812775330396477 0.14400859752821063
2 0.6974118942731278 0.24180548092423426 0.12389867841409692 0.12036539494895218
2 0.5754405286343612 0.26195593766792047 0.12444933920704844 0.11982804943578723
5 0.17208149779735682 0.5137023105857066 0.14151982378854625 0.1354110693175712
1 0.7678964757709252 0.6434712520150456 0.15253303964757708 0.14562063406770553
4 0.17758810572687225 0.8070929607737775 0.1657488986784141 0.16227834497581944
5 0.31387665198237885 0.5115529285330467 0.13986784140969163 0.1354110693175712
5 0.9061123348017621 0.5322407307898979 0.14922907488986784 0.13917248790972594
4 0.3438876651982378 0.8095110155830199 0.1657488986784141 0.16389038151531435
2 0.30176211453744495 0.2651800107469102 0.12334801762114538 0.11875335840945728
1 0.6124380986612108 0.6408647140864714 0.14149678358800435 0.14086471408647136
5 0.6101091183897664 0.4960092540340259 0.14096916299559473 0.1370231058570661
2 0.6810637199786187 0.3670823037958177 0.12444933920704844 0.12090274046211714
2 0.15364664934043587 0.11418105021445106 0.12555066079295155 0.1214400859752821
2 0.2837093494061772 0.14625915342226137 0.12555066079295155 0.1214400859752821
2 0.44521577915814187 0.22575706137205218 0.12555066079295155 0.1214400859752821
