1 0.08001809334014456 0.7726776088544909 0.10598422958959546 0.07750096788739103
1 0.2029597996640753 0.7877803615710083 0.10598422958959546 0.07750096788739103
1 0.32908103287569396 0.7802289852127495 0.10598422958959546 0.07750096788739103
1 0.46315108330653226 0.7742673722983349 0.10598422958959546 0.07750096788739103
1 0.22203696099020256 0.697561286132865 0.10598422958959546 0.07750096788739103
1 0.0842574625237285 0.678086683945777 0.10598422958959546 0.07750096788739103
1 0.09008659515115625 0.5830983181761019 0.10598422958959546 0.07750096788739103
4 0.09282415529410368 0.47704232081543624 0.12235911379677304 0.08807746553474609
2 0.19672483982220726 0.16950463177899006 0.09091208479499385 0.07003557958406505
2 0.29862728399715327 0.1819363908770361 0.08689776039689098 0.06824850214096814
2 0.3854688166655403 0.17738551512923792 0.08617940950025763 0.06811381134785054
2 0.48814023815961766 0.18045086014616404 0.0856406463277861 0.06717097579602126
2 0.4881933603628073 0.2585094206063268 0.08089645957053576 0.06563077413395667
2 0.4003624262016184 0.2671358846060387 0.08501693627504371 0.066281375718879
2 0.3011993649321532 0.2683097191073798 0.08783620980970301 0.06595607492641821
2 0.20091927437439341 0.262299419689764 0.08826994419964987 0.06628137571887825
2 0.196168371250876 0.3337610000264897 0.0896585400049513 0.06671591730566144
2 0.29395071018246793 0.3329695962042017 0.0896585400049513 0.06671591730566144
2 0.3957898707839552 0.33974710413258224 0.08488746171552504 0.06427616136220526
2 0.490300857467728 0.3379421690525234 0.08315252415573056 0.063462909381053
2 0.24365876813743717 0.20457533095900188 0.002761879609825435 0.001274713666073346
5 0.24151048832851552 0.4397922192505458 0.09738356940371636 0.07361052157869143
5 0.36562680227442856 0.4274760619436052 0.09738356940371636 0.07361052157869143
5 0.4805776038058742 0.42661679515474893 0.09738356940371636 0.07361052157869143
5 0.4916525979733557 0.5142620076180937 0.09738356940371636 0.07361052157869143
5 0.37593800374070463 0.5248596313473217 0.09738356940371636 0.07361052157869143
5 0.2384553175236933 0.5265781649250342 0.09738356940371636 0.07361052157869143
5 0.4981448359336034 0.6036257536591509 0.09738356940371636 0.07361052157869143
7 0.4987062756849977 0.690380539364846 0.09968405387624074 0.07529516169121735
7 0.3662080759598167 0.6968990250942976 0.10358627662584446 0.07822182875342015
7 0.3857191897078353 0.6109614377223429 0.10358627662584446 0.07822182875342015
7 0.23394768932411758 0.6077485329763159 0.11215402261524827 0.08097574710715798
6 0.6125833603085562 0.21475402530746346 0.09379859948508909 0.07162802142497711
6 0.6211105057162917 0.3482038509385221 0.09379859948508909 0.07162802142497711
6 0.6182681239137132 0.466304814835657 0.09379859948508909 0.07162802142497711
6 0.9229714531501242 0.556692556157652 0.09379859948508909 0.07162802142497711
6 0.6239528875188705 0.5933592814109142 0.09379859948508909 0.07162802142497711
6 0.6341854620081533 0.7110338880376625 0.09379859948508909 0.07162802142497711
6 0.6250898402399023 0.7937471984926955 0.09379859948508909 0.07162802142497711
3 0.05627311503503928 0.239456913188575 0.08885228689743045 0.0675277380420471
3 0.05449606929709067 0.376733696445105 0.08885228689743045 0.0675277380420471
3 0.7499164637314202 0.190217004190345 0.08418653696169998 0.06561597733779573
3 0.9612081643411778 0.1770112729022352 0.07758367131764501 0.06561597733779573
3 0.7493662249277493 0.3536379288807043 0.08418653696169998 0.06561597733779573
3 0.7394619264616671 0.2764669366658124 0.08418653696169998 0.06561597733779573
3 0.7383614488543248 0.4324596375066098 0.08418653696169998 0.06561597733779573
3 0.7499164637314207 0.5158208162628032 0.08418653696169998 0.06561597733779573
0 0.8528701456904266 0.1968479320133872 0.07593295490663152 0.05777507438548053
0 0.849568712868399 0.28185982718059427 0.07593295490663152 0.05777507438548053
0 0.9524633691549215 0.2649399839677036 0.07593295490663152 0.05777507438548053
0 0.9315542946154145 0.3425236552853488 0.07593295490663152 0.05777507438548053
0 0.8446165636353582 0.37017315516982885 0.07593295490663152 0.05777507438548053
0 0.9321045334190857 0.42093268480850105 0.07593295490663152 0.05777507438548053
0 0.8369132203839622 0.45477237123428277 0.07043056686991686 0.0544736415634527
0 0.8281093995252223 0.5286419306271469 0.07043056686991686 0.0544736415634527
0 0.6580856091908085 0.5236897813941058 0.07043056686991686 0.0544736415634527
0 0.8391141755986474 0.6029241691227648 0.07043056686991686 0.0544736415634527
0 0.8424156084206749 0.673904974796355 0.07043056686991686 0.0544736415634527
0 0.9321045334190876 0.6677147882550538 0.07043056686991686 0.0544736415634527
0 0.8440663248316888 0.7465364968809596 0.07043056686991686 0.0544736415634527
0 0.9332050110264304 0.7481872132919735 0.07043056686991686 0.0544736415634527
