2 0.5972222222222221 0.26587301587301587 0.1455026455026455 0.14814814814814814
5 0.7663690476190476 0.31746031746031744 0.17228835978835982 0.16798941798941802
3 0.4938822751322751 0.7628968253968255 0.1412037037037037 0.14616402116402116
4 0.7655423280423279 0.8196097883597884 0.20171957671957672 0.20403439153439154
5 0.769510582010582 0.5436507936507937 0.17328042328042328 0.17195767195767198
2 0.43154761904761896 0.2506613756613757 0.14351851851851852 0.14616402116402116
2 0.578042328042328 0.439318783068783 0.14616402116402116 0.144510582010582
2 0.24074074074074076 0.41402116402116396 0.14484126984126985 0.14417989417989419
2 0.4136904761904762 0.5914351851851852 0.14417989417989419 0.14715608465608465
5 0.578042328042328 0.439318783068783 0.14616402116402116 0.144510582010582
2 0.5752314814814814 0.6084656084656085 0.14649470899470898 0.1474867724867725
2 0.24272486772486773 0.09507275132275134 0.14351851851851852 0.148478835978836
4 0.7655423280423279 0.8196097883597884 0.20171957671957672 0.20403439153439154
2 0.4318783068783068 0.42162698412698413 0.14351851851851852 0.14484126984126985
2 0.20783730158730157 0.5856481481481481 0.14649470899470898 0.14682539682539683
7 0.43154761904761896 0.2506613756613757 0.14351851851851852 0.14616402116402116
5 0.4136904761904762 0.5912698412698414 0.14417989417989419 0.14682539682539683
2 0.41567460317460314 0.1001984126984127 0.14417989417989419 0.15013227513227514
2 0.596985621305705 0.09461961214053265 0.14417989417989419 0.15013227513227514
2 0.2362895995218171 0.27018717761395583 0.14351851851851852 0.14616402116402116
5 0.8137888523610279 0.11174204688849047 0.1890247614620002 0.1805417192446482
3 0.36138576188262383 0.8326318323703261 0.1412037037037037 0.14616402116402116
