5 0.3190045248868778 0.4394273127753304 0.08080155138978667 0.13766519823788545
1 0.7608274078862314 0.75715859030837 0.08597285067873303 0.14977973568281938
4 0.35019392372333547 0.9107929515418501 0.0959922430510666 0.16740088105726872
4 0.25468648998060767 0.9044603524229075 0.09502262443438914 0.1657488986784141
5 0.23836457659987073 0.4498898678414097 0.07983193277310924 0.13656387665198239
6 0.23448610213316098 0.19713656387665196 0.07595345830639948 0.1277533039647577
1 0.33047834518422753 0.7577092511013216 0.08564964447317389 0.1486784140969163
2 0.0830639948287007 0.31938325991189426 0.07175177763413057 0.11894273127753303
1 0.5019392372333549 0.759636563876652 0.08597285067873303 0.14812775330396477
1 0.41596638655462187 0.7560572687224669 0.08468002585649645 0.14757709251101322
6 0.0824175824175824 0.19686123348017623 0.07563025210084033 0.1261013215859031
2 0.7362637362637362 0.2918502202643172 0.07110536522301228 0.1211453744493392
1 0.5880736910148675 0.7522026431718062 0.08564964447317389 0.14757709251101322
1 0.24531351001939236 0.7483480176211453 0.08532643826761474 0.14757709251101322
4 0.15982546864899805 0.8984030837004405 0.09534583063994828 0.16464757709251102
2 0.3086619263089851 0.3130506607929516 0.07045895281189399 0.12169603524229075
2 0.6648351648351648 0.29487885462555063 0.07110536522301228 0.12059471365638766
5 0.07805429864253394 0.44686123348017615 0.08047834518422753 0.13601321585903084
2 0.5938914027149321 0.3042400881057269 0.07078215901745313 0.12059471365638766
4 0.06512605042016807 0.8959251101321587 0.09469941822882999 0.16409691629955947
6 0.1583710407239819 0.19548458149779735 0.07498383968972204 0.1288546255506608
2 0.38322497912725756 0.31084801762114533 0.07110536522301228 0.12059471365638766
7 0.1583710407239819 0.5925110132158591 0.08985132514544279 0.15088105726872247
2 0.8081771170006465 0.29790748898678415 0.07207498383968972 0.1211453744493392
1 0.6745313510019392 0.7582599118942731 0.08597285067873303 0.1486784140969163
1 0.8472695977677351 0.7601040984085172 0.08597285067873303 0.14977973568281938
1 0.07534084212590661 0.736540033607339 0.08597285067873303 0.14977973568281938
7 0.06933558514603305 0.5866199970155646 0.08985132514544279 0.15088105726872247
5 0.16017437902996248 0.44686123348017615 0.08047834518422753 0.13601321585903084
2 0.1548110124303488 0.31938325991189426 0.07175177763413057 0.11894273127753303
2 0.23174456142488714 0.31938325991189426 0.07175177763413057 0.11894273127753303
2 0.4489210434372004 0.3093752635710717 0.07110536522301228 0.12059471365638766
2 0.5206680610388486 0.3093752635710717 0.07110536522301228 0.12059471365638766
2 0.8799241346022946 0.29938024303685773 0.07207498383968972 0.1211453744493392
2 0.9525355741027576 0.30232575113700505 0.07207498383968972 0.1211453744493392
3 0.08557776798268867 0.07805596465390278 0.06915375190520298 0.10898379970544916
0 0.1530026760902616 0.07142857142857142 0.06569606430994283 0.101620029455081
