6 0.8016528606907611 0.035069299828775054 0.18221574344023195 0.07013859965755011
6 0.5847293565952435 0.030369290573372214 0.1822157434402318 0.06073858114674442
6 0.28489286871210645 0.04555393586005831 0.18221574344023064 0.09110787172011663
2 0.38371357613340107 0.2086081031051873 0.17546701220170635 0.14389259105002516
2 0.20535425054375472 0.19414653616548627 0.17546701220170635 0.14389259105002516
2 0.1523285050981835 0.3626237910130034 0.1754670122017057 0.13376949419223455
2 0.23620559334844957 0.47687016983664177 0.1754670122017057 0.13376949419223455
7 0.571713946349515 0.19812346707390438 0.20246193715581476 0.15473876625480126
7 0.33647245746371107 0.35936993845157117 0.20246193715581476 0.15473876625480126
7 0.5447190213954063 0.3926315424128836 0.20246193715581476 0.15473876625480126
7 0.3967289863791316 0.5502626220556244 0.19956962376787543 0.148954139478922
1 0.4849445447113075 0.7754841732611405 0.18510805682817305 0.14967721782590512
1 0.7206680858284348 0.7877765051598864 0.18992857914140668 0.1496772178259051
1 0.7669451000354783 0.6142377018834736 0.18992857914140668 0.1496772178259051
1 0.5693036851928973 0.6012222916377425 0.18992857914140668 0.1496772178259051
1 0.2636825705338817 0.649668540885741 0.18992857914140668 0.1496772178259051
1 0.7515194286331305 0.4378065852191206 0.18992857914140668 0.1496772178259051
1 0.757304055409011 0.2425754315331563 0.18992857914140668 0.1496772178259051
