4 0.7331349206349206 0.6691468253968255 0.21031746031746032 0.2099867724867725
2 0.5998677248677249 0.3192791005291005 0.15806878306878308 0.16104497354497355
2 0.19080687830687829 0.8654100529100529 0.16071428571428573 0.16269841269841268
6 0.29298941798941797 0.18088624338624337 0.17394179894179895 0.17724867724867724
2 0.5962301587301587 0.48048941798941797 0.1574074074074074 0.15873015873015872
6 0.7291666666666665 0.15889550264550265 0.17592592592592593 0.17956349206349206
2 0.40095899470899476 0.6372354497354498 0.15707671957671956 0.15873015873015872
6 0.5345568783068783 0.16121031746031747 0.1736111111111111 0.17956349206349206
2 0.3994708994708995 0.31679894179894175 0.1593915343915344 0.16269841269841268
3 0.7291666666666665 0.15889550264550265 0.17592592592592593 0.17956349206349206
2 0.4103835978835979 0.47817460317460325 0.15674603174603174 0.15873015873015872
2 0.5661375661375662 0.9031084656084656 0.15873015873015872 0.16203703703703703
2 0.20304232804232802 0.33283730158730157 0.16269841269841268 0.16038359788359788
2 0.40492724867724866 0.861441798941799 0.15906084656084657 0.164021164021164
2 0.09904100529100529 0.701058201058201 0.16236772486772483 0.16137566137566137
5 0.20453042328042328 0.5153769841269842 0.16170634920634921 0.15906084656084657
6 0.5345568783068783 0.16121031746031747 0.1736111111111111 0.17956349206349206
2 0.2588303336211286 0.7177745400810255 0.16269841269841268 0.16038359788359788
5 0.8410041841004181 0.30334728033472785 0.19525801952580182 0.19386331938633186
5 0.8033472803347277 0.48605299860529966 0.19525801952580182 0.19386331938633186
5 0.5523012552301253 0.723152022315202 0.19525801952580182 0.19386331938633186
