1 0.4694383259911894 0.28448561032087333 0.2406387665198238 0.13761164406218987
4 0.7279735682819383 0.27373470062851474 0.2698237885462555 0.15183592457823356
7 0.73568281938326 0.7224611313264968 0.2687224669603524 0.16076744955342379
1 0.7227422907488987 0.557724115117433 0.2527533039647577 0.14819715514389678
5 0.47026431718061673 0.7265960965927886 0.2444933920704846 0.14654316903738007
0 0.450715859030837 0.5529275554085346 0.1712555066079295 0.1015547469401257
1 0.23265418502202642 0.27356930201786306 0.23733480176211455 0.13761164406218987
2 0.2197136563876652 0.7156797882897784 0.21365638766519823 0.12934171352960636
2 0.21723568281938327 0.5658286470393649 0.20870044052863437 0.12404895798875289
6 0.4509911894273128 0.5527621567978829 0.17180616740088106 0.10188554416142905
