4 0.12912995594713655 0.49756493506493504 0.11949339207048458 0.11634199134199134
2 0.6506057268722466 0.42667748917748916 0.08755506607929515 0.08820346320346321
2 0.6550110132158591 0.26623376623376627 0.08865638766519822 0.09090909090909091
5 0.5187224669603524 0.28273809523809523 0.09911894273127754 0.10227272727272728
2 0.6508810572687226 0.9058441558441558 0.08480176211453745 0.08333333333333331
2 0.6497797356828194 0.573051948051948 0.08590308370044053 0.0854978354978355
5 0.5198237885462555 0.14529220779220778 0.10022026431718062 0.10443722943722944
7 0.3926211453744493 0.14989177489177488 0.11013215859030837 0.11363636363636363
4 0.11123348017621146 0.13068181818181818 0.1211453744493392 0.12283549783549784
1 0.2511013215859031 0.3106060606060606 0.10682819383259912 0.10822510822510821
1 0.25523127753303965 0.1425865800865801 0.10627753303964757 0.10984848484848485
5 0.5176211453744493 0.4093614718614718 0.10022026431718062 0.1001082251082251
2 0.6508810572687225 0.141504329004329 0.08920704845814978 0.09145021645021645
4 0.12334801762114538 0.3122294372294372 0.1211453744493392 0.12012987012987013
7 0.12334801762114538 0.3122294372294372 0.1211453744493392 0.12012987012987013
5 0.6497797356828194 0.573051948051948 0.08590308370044053 0.0854978354978355
6 0.5176211453744493 0.4093614718614718 0.10022026431718062 0.1001082251082251
5 0.650330396475771 0.4264069264069265 0.0881057268722467 0.08874458874458875
5 0.6511563876651982 0.14177489177489178 0.08975770925110133 0.09199134199134198
2 0.6550110132158591 0.26623376623376627 0.08865638766519822 0.09090909090909091
2 0.6517070484581499 0.7951839826839827 0.08645374449339208 0.0838744588744589
2 0.6541850220264317 0.6939935064935066 0.08590308370044053 0.08495670995670995
