1 0.12039728682170542 0.44943467336683424 0.11385658914728682 0.14510050251256282
1 0.10755813953488373 0.9020100502512562 0.11918604651162791 0.15577889447236182
1 0.11531007751937984 0.5970477386934674 0.11434108527131782 0.14886934673366833
1 0.2352228682170543 0.44409547738693467 0.11482558139534885 0.14698492462311558
1 0.22916666666666663 0.7474874371859296 0.11724806201550388 0.15201005025125627
1 0.1300872093023256 0.3046482412060302 0.11385658914728682 0.14321608040201006
2 0.5789728682170544 0.6353643216080402 0.09786821705426356 0.12625628140703518
7 0.3510174418604652 0.8935301507537687 0.12160852713178294 0.1614321608040201
2 0.5772771317829458 0.8960427135678393 0.09932170542635659 0.13128140703517588
7 0.3519864341085271 0.5750628140703518 0.11967054263565892 0.1551507537688442
2 0.5806686046511627 0.3825376884422111 0.09641472868217055 0.12311557788944723
1 0.23134689922480622 0.594535175879397 0.11676356589147288 0.15012562814070352
1 0.1121608527131783 0.7474874371859296 0.11676356589147288 0.15201005025125627
5 0.4721414728682171 0.7474874371859298 0.11094961240310078 0.1457286432160804
2 0.5821220930232558 0.5094221105527638 0.09641472868217055 0.12437185929648241
7 0.35174418604651164 0.7327261306532664 0.12209302325581393 0.15891959798994976
1 0.1121608527131783 0.7474874371859296 0.11676356589147288 0.15201005025125627
5 0.48691860465116277 0.4629396984924623 0.10852713178294573 0.13944723618090452
1 0.24927325581395351 0.29711055276381915 0.11482558139534885 0.1444723618090452
2 0.5772771317829458 0.763819095477387 0.09835271317829458 0.12939698492462312
5 0.47989341085271314 0.6039572864321607 0.10901162790697674 0.14133165829145727
1 0.22593939541370694 0.9022991526671013 0.11724806201550386 0.15201005025125627
5 0.4686307342177246 0.8911126413097565 0.10852713178294573 0.13944723618090452
