0 0.7918320105820107 0.845734126984127 0.16832010582010581 0.1736111111111111
3 0.5575396825396826 0.4421296296296296 0.17857142857142858 0.17724867724867724
6 0.4123677248677248 0.5717592592592592 0.20634920634920634 0.20701058201058198
1 0.3106812169312169 0.7787698412698412 0.2371031746031746 0.24338624338624337
5 0.5441468253968254 0.7870370370370371 0.22453703703703703 0.23148148148148148
7 0.5439814814814814 0.7870370370370371 0.22420634920634921 0.23148148148148148
4 0.14714086471408647 0.5934449093444907 0.2719665271966527 0.2580195258019525
2 0.4623430962343096 0.25453277545327757 0.19107391910739188 0.19107391910739197
7 0.7496513249651325 0.5801952580195259 0.24686192468619234 0.25104602510460244
0 0.7245467224546721 0.3430962343096233 0.1743375174337514 0.15899581589958148
