0 0.6400462962962963 0.7210648148148148 0.14517195767195767 0.144510582010582
3 0.41484788359788355 0.484457671957672 0.1716269841269841 0.16997354497354497
3 0.43237433862433866 0.7017195767195767 0.16898148148148148 0.1693121693121693
0 0.6213624338624338 0.8657407407407408 0.14417989417989419 0.14417989417989419
0 0.6648478835978835 0.26636904761904767 0.14914021164021163 0.15112433862433863
6 0.14732142857142858 0.6836970899470899 0.2013888888888889 0.19212962962962962
6 0.12483465608465608 0.2994378306878307 0.2080026455026455 0.20205026455026456
3 0.43601190476190477 0.24107142857142858 0.17493386243386244 0.17923280423280424
0 0.6539351851851852 0.5079365079365079 0.14649470899470898 0.1455026455026455
6 0.25281084656084657 0.8571428571428572 0.1960978835978836 0.1917989417989418
0 0.6539351851851852 0.5079365079365079 0.14649470899470898 0.1455026455026455
3 0.14732142857142858 0.683531746031746 0.2013888888888889 0.1917989417989418
3 0.4307208994708995 0.9077380952380952 0.16898148148148148 0.17063492063492064
3 0.9116046523211796 0.2159668260609683 0.17493386243386244 0.17923280423280422
0 0.8826660080582676 0.4647008036129375 0.14649470899470898 0.1455026455026455
0 0.8282727026189369 0.6808793252307896 0.14649470899470898 0.1455026455026455
0 0.822693902061057 0.9068207478249319 0.14649470899470898 0.1455026455026455
