7 0.36750348675034866 0.299860529986053 0.15760111576011154 0.17015341701534173
1 0.5425383542538355 0.6582984658298465 0.14783821478382145 0.1589958158995816
1 0.5202231520223153 0.8200836820083681 0.14783821478382145 0.1589958158995816
1 0.26220362622036264 0.4714086471408643 0.15062761506276146 0.1589958158995815
1 0.28312412831241285 0.6359832635983259 0.15062761506276146 0.1589958158995815
4 0.6548117154811715 0.22594142259414227 0.16317991631799159 0.17015341701534165
4 0.4721059972105997 0.10739191073919105 0.16317991631799159 0.17015341701534165
4 0.4930264993026499 0.47419804741980476 0.16317991631799159 0.17015341701534165
0 0.6562064156206415 0.4177126917712692 0.10181311018131098 0.11018131101813111
2 0.19804741980474203 0.21966527196652724 0.1338912133891214 0.1408647140864714
6 0.19595536959553694 0.8165969316596932 0.14923291492329147 0.13249651324965128
