6 0.1862834516418349 0.1970158315718176 0.15025331901975106 0.15178651615260663
6 0.17363457529578452 0.6723069427567464 0.1571527061175966 0.16405209321544192
0 0.15638610755116988 0.9133743619937156 0.13032175629264148 0.1379877419569146
0 0.3465025520251416 0.6580970393734255 0.12265577062836737 0.12725536202692933
0 0.3025025159639296 0.539705189765422 0.12265577062836737 0.12725536202692933
0 0.45899748958370457 0.5065917605647161 0.12265577062836737 0.12725536202692933
0 0.6916339099957094 0.2571070200114518 0.12265577062836737 0.12725536202692933
3 0.17561133685697303 0.5002655057327793 0.14774680739258253 0.14126668426132888
3 0.24138458663919724 0.35899882147145107 0.1406186719482035 0.14126668426132874
3 0.3606188522542637 0.42315204047086186 0.1406186719482035 0.14126668426132874
3 0.5258619921012309 0.3246541688758069 0.1406186719482035 0.14126668426132874
3 0.5796470140906359 0.7724306772454326 0.15098686895820904 0.15811500440258666
5 0.4830931794349571 0.1419146965744542 0.16135506596821508 0.16329910290759117
2 0.3677469876986427 0.800943219022947 0.1587630167157136 0.16329910290759117
2 0.48536122253089586 0.6489843315950508 0.1542269305238359 0.15617096746321044
2 0.7458621724072911 0.669072713301937 0.1542269305238359 0.15617096746321044
2 0.7646545294879266 0.4202359850617981 0.1542269305238359 0.15617096746321044
2 0.8592643272042295 0.30488979332548377 0.1581150044025875 0.15617096746321052
1 0.38103124011771256 0.27216517151265185 0.17107525066509546 0.1710752506650954
1 0.6065395250853386 0.4685129023896363 0.18014742304885054 0.17885139842260023
