4 0.20594713656387667 0.8250369640216856 0.2444933920704846 0.21882700837851157
5 0.1998898678414097 0.38220798422868413 0.21365638766519823 0.19270576638738293
1 0.4754955947136564 0.5810744208969936 0.22522026431718062 0.2010842779694431
4 0.7508259911894274 0.818383440118285 0.2516519823788546 0.22227698373583046
1 0.22191629955947134 0.6052242483982258 0.2246696035242291 0.2000985707244948
2 0.3816079295154185 0.1680630852636767 0.19162995594713655 0.17644159684573682
2 0.19107929515418504 0.17520946278955152 0.1905286343612335 0.17693445046821094
6 0.19107929515418504 0.17520946278955152 0.1905286343612335 0.17693445046821094
4 0.4718928753555871 0.8323304415129852 0.2516519823788546 0.2222769837358305
2 0.5732770538034763 0.16666838512420667 0.19162995594713655 0.17644159684573682
2 0.8085781738644253 0.16108958456632663 0.19162995594713655 0.17644159684573682
