0 0.39716283338732217 0.20684861246085703 0.12215203541734136 0.12215203541734165
0 0.3236016628873761 0.2986313573048263 0.12215203541734136 0.12215203541734165
0 0.5658811143505011 0.2554394773782524 0.12215203541734136 0.12215203541734165
0 0.5132410106899893 0.4579014145340672 0.12215203541734136 0.12215203541734165
0 0.5321374581578653 0.5726298455890287 0.12215203541734136 0.12215203541734165
0 0.3411483641075468 0.6009745167908427 0.12215203541734136 0.12215203541734165
3 0.27703541734153947 0.8751484720872474 0.14104848288521743 0.14442284850448145
3 0.3654437965662452 0.7678436453946655 0.14104848288521743 0.14442284850448145
3 0.46734963826800524 0.6801101392938124 0.14104848288521743 0.14442284850448145
3 0.3856899902818266 0.4681999784040596 0.14104848288521743 0.14442284850448145
3 0.6448412698412694 0.44187992657380365 0.14104848288521743 0.14442284850448145
3 0.6947818810063703 0.27721088435374097 0.14104848288521743 0.14442284850448145
3 0.2810846560846555 0.14291113270705055 0.14104848288521743 0.14442284850448145
3 0.19740038872691873 0.2745113918583301 0.14104848288521743 0.14442284850448145
3 0.48692095885973385 0.11659108087679464 0.14104848288521743 0.14442284850448145
6 0.7929759205269409 0.1089920095022136 0.163319295972357 0.15994493035309362
6 0.6370802289169634 0.13598693445632215 0.15657056473383021 0.15994493035309357
6 0.24734099989201994 0.4140346614836409 0.15994493035309382 0.15994493035309346
6 0.14206079257099632 0.5287630925386025 0.15994493035309382 0.15994493035309346
6 0.23316866429111294 0.7143532015980993 0.15994493035309382 0.15994493035309346
6 0.45553935860058287 0.335749379116726 0.15657056473383021 0.15994493035309357
