1 0.7509920634920634 0.4174933862433862 0.18783068783068782 0.18551587301587305
7 0.3955026455026455 0.5692791005291005 0.18783068783068782 0.18816137566137567
5 0.24024470899470898 0.4713955026455027 0.17559523809523805 0.1736111111111111
7 0.3341600529100529 0.3148148148148148 0.1908068783068783 0.1931216931216931
1 0.7166005291005291 0.8794642857142857 0.18452380952380953 0.18882275132275134
5 0.3839285714285714 0.11028439153439151 0.17658730158730157 0.1841931216931217
7 0.5702711640211641 0.09937169312169311 0.19345238095238096 0.19874338624338622
1 0.75380291005291 0.1607142857142857 0.1908068783068783 0.19576719576719576
1 0.482473544973545 0.8672288359788359 0.18055555555555552 0.18683862433862433
7 0.5413359788359788 0.3556547619047619 0.1898148148148148 0.1927910052910053
1 0.2657076719576719 0.7017195767195767 0.18022486772486773 0.18121693121693125
5 0.14963624338624337 0.31746031746031744 0.17427248677248677 0.17658730158730157
1 0.7647156084656085 0.6541005291005291 0.18816137566137567 0.1832010582010582
4 0.7647156084656085 0.6541005291005291 0.18816137566137567 0.1832010582010582
1 0.5699404761904762 0.6383928571428572 0.18154761904761904 0.18154761904761904
2 0.20684523809523805 0.09391534391534391 0.17559523809523805 0.1832010582010582
1 0.5701058201058201 0.6383928571428572 0.18121693121693125 0.18154761904761904
