5 0.528169014084507 0.6494252873563218 0.2112676056338028 0.11302681992337166
4 0.301056338028169 0.6168582375478927 0.25 0.13218390804597702
5 0.5801056338028169 0.26772030651341 0.20598591549295775 0.11590038314176246
4 0.25880281690140844 0.7452107279693486 0.2535211267605634 0.13218390804597702
2 0.7394366197183099 0.5095785440613027 0.1830985915492958 0.09961685823754789
2 0.7253521126760564 0.650383141762452 0.18661971830985916 0.09961685823754789
5 0.4911971830985915 0.7605363984674329 0.2112676056338028 0.11302681992337166
5 0.539612676056338 0.5062260536398469 0.21302816901408447 0.11206896551724138
2 0.6910211267605634 0.753831417624521 0.18838028169014084 0.09961685823754789
2 0.7535211267605634 0.3917624521072797 0.18661971830985916 0.09961685823754789
2 0.7552816901408451 0.2907088122605364 0.1795774647887324 0.10057471264367816
5 0.5519366197183099 0.3778735632183908 0.20598591549295775 0.11590038314176244
