6 0.4464285714285714 0.42550750458913716 0.19503833279343488 0.19908757153655116
6 0.6873582766439903 0.20482399308929858 0.20313681027966818 0.19908757153655082
3 0.43731778425655976 0.21494708994708994 0.17951625094482232 0.17749163157326422
3 0.18154087031637986 0.3799535687290774 0.17141777345858938 0.16871828096317965
6 0.2176465824425007 0.5584575099881222 0.19503833279343488 0.19908757153655116
0 0.45621423172443387 0.8697494870964237 0.1552208184861245 0.1646690422200635
0 0.6394422848504462 0.8562520246193676 0.16399416909620992 0.1646690422200633
3 0.45587679516250934 0.650577691394018 0.1828906165640861 0.1795162509448223
3 0.6634002807472182 0.6505776913940157 0.18896447467876043 0.182215743440232
5 0.699843429435265 0.43191879926573734 0.21595939963287042 0.21191016088975195
1 0.2503486750348676 0.8305439330543932 0.20781032078103207 0.23012552301255243
