2 0.35903250188964475 0.16500647878198899 0.16466904222006257 0.1680434078393262
2 0.2486907461397255 0.28783338732318237 0.15724543785768277 0.16129467660079888
2 0.4109977324263036 0.3310252672497556 0.1633192959723573 0.16129467660079858
2 0.5513713421876685 0.45925116078177153 0.1633192959723573 0.16129467660079858
2 0.6701490119857465 0.7399983803045014 0.1633192959723573 0.16129467660079858
5 0.19335114998380298 0.44541626174279225 0.1788413778209696 0.17546701220170605
5 0.5179651225569595 0.6256073858114672 0.1788413778209696 0.17546701220170605
5 0.6175089083252339 0.2986313573048261 0.18626498218334914 0.18289061656408598
7 0.6991685563114133 0.5625067487312359 0.20381168340351974 0.19638807904113997
7 0.31314112946765993 0.742697872799911 0.20381168340351974 0.19638807904113997
7 0.49468199978404054 0.813559550804446 0.20381168340351974 0.19638807904113997
1 0.3775915127955941 0.5075045891372411 0.1869398553072016 0.18761472843105456
1 0.5665559874743539 0.11439099449303364 0.19773782528884476 0.19233884029802278
0 0.6431540870316381 0.882234639887701 0.1309253860274268 0.1383489903898068
