4 0.22771120550891802 0.481407593428226 0.22647897731997305 0.22590850130657258
3 0.1608742357789229 0.2592813480904981 0.16543804388612643 0.1625856638191242
3 0.6457788471692915 0.1631561398325245 0.16543804388612593 0.17000185199332996
6 0.8414076682746787 0.26441563221110204 0.20080755671695344 0.19225041651594688
5 0.789824040552902 0.49517317963157803 0.20822374489115866 0.20765326887775815
1 0.31946656750424407 0.8511057605024861 0.1996666046901526 0.20651231685095792
0 0.5125726980402915 0.883622893266311 0.14204852733670847 0.15060566753771495
0 0.6831450260470213 0.8693609929312978 0.15117614355111633 0.1506056675377148
3 0.7025412105026367 0.6862826441207242 0.16714947192632784 0.1745656601005333
3 0.5262641223619013 0.6914169282413276 0.16714947192632773 0.1711428040201299
6 0.35512131834177124 0.6566178914239018 0.1751361361139339 0.18711613239534308
