6 0.15591931216931218 0.8515211640211641 0.18683862433862433 0.1818783068783069
6 0.1789021164021164 0.6182208994708994 0.19047619047619047 0.1841931216931217
0 0.8333333333333335 0.5138888888888888 0.15145502645502645 0.14417989417989419
0 0.632771164021164 0.527281746031746 0.14583333333333334 0.14252645502645503
0 0.601686507936508 0.08978174603174603 0.1498015873015873 0.15707671957671956
0 0.20734126984126985 0.09027777777777779 0.15013227513227514 0.15476190476190477
6 0.4401455026455027 0.12549603174603174 0.17195767195767198 0.17956349206349206
0 0.625165343915344 0.31266534391534395 0.14715608465608465 0.14715608465608465
3 0.8334986772486772 0.5138888888888888 0.15112433862433863 0.14417989417989419
6 0.822255291005291 0.1701388888888889 0.20072751322751323 0.2013888888888889
6 0.14164162294392416 0.28032019990702006 0.20072751322751323 0.2013888888888889
0 0.8291492329149233 0.7495932124593212 0.15145502645502645 0.14417989417989419
0 0.6311018131101813 0.735646211064621 0.15145502645502645 0.14417989417989419
