1 0.10627753303964757 0.4615608619685498 0.13986784140969163 0.14502038439138032
1 0.1062775330396476 0.7542224810716366 0.14096916299559473 0.145602795573675
1 0.10077092511013216 0.31479324403028536 0.14096916299559473 0.14618520675596972
7 0.2555066079295154 0.17967384973791498 0.14317180616740088 0.15200931857891672
1 0.11343612334801761 0.16453115899825277 0.13986784140969163 0.1555037856726849
5 0.4066629955947137 0.16569598136284217 0.1316079295154185 0.1415259172976121
1 0.11233480176211455 0.6074548631333723 0.13986784140969163 0.145602795573675
2 0.5652533039647577 0.44787419918462434 0.11508810572687227 0.122306348281887
5 0.4286894273127754 0.3133372160745486 0.1316079295154185 0.13861386138613863
2 0.5536894273127754 0.7364589400116482 0.11618942731277533 0.12288875946418171
5 0.4358480176211454 0.45631916132789746 0.1305066079295154 0.1391962725684333
2 0.5572687224669604 0.5794991263832265 0.11563876651982379 0.122306348281887
2 0.532488986784141 0.16336633663366334 0.11563876651982379 0.12172393709959231
2 0.5512114537444933 0.3013977868375073 0.1145374449339207 0.12172393709959231
1 0.5572687224669604 0.5794991263832265 0.11563876651982379 0.122306348281887
5 0.5512114537444933 0.3013977868375073 0.1145374449339207 0.12172393709959231
