2 0.30875445416261743 0.1592700572292408 0.11135406543569804 0.10797969981643449
2 0.3789412590432997 0.31449087571536544 0.11135406543569804 0.10797969981643449
2 0.2986313573048266 0.37792894935752075 0.11135406543569804 0.10797969981643449
2 0.3978377065111757 0.4352931648850016 0.11135406543569804 0.10797969981643449
2 0.3451976028506639 0.5270759097289709 0.11135406543569804 0.10797969981643449
2 0.233168664291113 0.5972627146096532 0.11135406543569804 0.10797969981643449
2 0.3958130871396174 0.7808282042975917 0.11135406543569804 0.10797969981643449
2 0.5105415181945789 0.8294190692149871 0.11135406543569804 0.10797969981643449
2 0.6765603066623471 0.7727297268113589 0.11135406543569804 0.10797969981643449
2 0.6758854335384945 0.1599449303530935 0.11135406543569804 0.10797969981643449
2 0.7791410214879597 0.19368858654572926 0.11135406543569804 0.10797969981643449
5 0.24464150739660936 0.4791599179354271 0.1248515279127525 0.12012741604578324
5 0.2736610517222761 0.2706241226649379 0.1248515279127525 0.12012741604578324
5 0.7028803584926032 0.267924630169527 0.1248515279127525 0.12012741604578324
5 0.8270570132815028 0.29761904761904645 0.1248515279127525 0.12012741604578324
5 0.8378549832631462 0.44001727675196944 0.1248515279127525 0.12012741604578324
5 0.7534958427815569 0.5122287010042099 0.1248515279127525 0.12012741604578324
1 0.7626066299535688 0.7049049778641614 0.11877766979807802 0.11945254292193055
1 0.5972627146096526 0.6995059928733381 0.1228269085411944 0.12350178166504724
1 0.4805096641831328 0.6738608141669349 0.1228269085411944 0.12350178166504724
1 0.5810657596371873 0.5652062412266475 0.1228269085411944 0.12350178166504724
1 0.6930946981967382 0.6151468523917486 0.1228269085411944 0.12350178166504724
1 0.7369614512471646 0.3782663859194453 0.1228269085411944 0.12350178166504724
1 0.49265738041248147 0.32967552100204967 0.1228269085411944 0.12350178166504724
7 0.4595885973436991 0.5510339056257422 0.1228269085411948 0.12215203541734193
7 0.647203325774754 0.4612757801533309 0.1228269085411948 0.12215203541734193
7 0.5726298455890285 0.2176465824425005 0.13025051290357542 0.1289007666558691
7 0.4302316164561056 0.20212450059388806 0.13025051290357542 0.1289007666558691
4 0.355320699708452 0.6495653817082334 0.1369992441421004 0.1410484828852198
