0 0.8225819598324648 0.8040502861370769 0.1494647155109142 0.11423782168343735
0 0.6223448791289118 0.7745281524436044 0.1494647155109142 0.11423782168343735
0 0.6377477314907237 0.6645689008606703 0.1494647155109142 0.11423782168343735
0 0.8247823673127237 0.6388974802576507 0.15679940711177712 0.11423782168343725
0 0.653639563292593 0.5056505828419774 0.15679940711177712 0.11423782168343725
0 0.8785701057190507 0.4732556949381669 0.15679940711177712 0.11423782168343725
0 0.6666790150274601 0.3241169657206244 0.15679940711177712 0.11423782168343725
3 0.4307676019554317 0.8061545791200551 0.1723070407821727 0.13272299087275438
3 0.42960336519338993 0.6542216816736124 0.1723070407821727 0.13272299087275438
3 0.41446828728684776 0.48831794308266924 0.1723070407821727 0.13272299087275438
3 0.4354245490035985 0.3049506530611005 0.1723070407821727 0.13272299087275438
6 0.2567142060301962 0.7688328517332919 0.20141295983321514 0.14931336473184886
6 0.1484401871603175 0.6361098608605373 0.20141295983321514 0.14931336473184886
6 0.12748392544356682 0.3488344398267463 0.21538380097771562 0.15979149559022446
3 0.9138464796089134 0.2850924771049628 0.17230704078217213 0.1335961684442863
