5 0.5106304985337243 0.4212990052662376 0.16642228739002932 0.13107080163838503
7 0.6609237536656891 0.5708016383850204 0.1840175953079179 0.14452896430661205
2 0.722873900293255 0.16617905207723815 0.14809384164222875 0.11468695143358691
5 0.6763196480938417 0.42539496781743713 0.16348973607038123 0.1299005266237566
4 0.8585043988269794 0.8741954359274431 0.20381231671554254 0.1591574019894675
5 0.8640029325513197 0.42685781158572267 0.16495601173020527 0.12814511410181392
1 0.847873900293255 0.724107665301346 0.17668621700879764 0.14101813926272674
2 0.5300586510263929 0.1676418958455237 0.1466275659824047 0.11410181392627267
2 0.6836510263929619 0.3033937975424225 0.14736070381231672 0.11527208894090112
2 0.3354105571847507 0.3019309537741369 0.14589442815249268 0.11117612638970158
2 0.5172287390029325 0.29578700994733764 0.14736070381231672 0.11527208894090112
7 0.8577712609970675 0.5813341135166765 0.18181818181818182 0.14335868929198362
6 0.3354105571847507 0.3019309537741369 0.14589442815249268 0.11117612638970158
1 0.4769061583577712 0.7173785839672323 0.1781524926686217 0.14160327677004095
2 0.875733137829912 0.30631948507899354 0.14736070381231672 0.11410181392627267
2 0.8878299120234605 0.18373317729666472 0.14809384164222875 0.11351667641895846
5 0.34017595307917886 0.4259801053247513 0.16715542521994134 0.13809245172615564
2 0.18475073313782991 0.29959040374488005 0.14809384164222875 0.11468695143358691
7 0.44208211143695025 0.5784084259801054 0.18475073313782991 0.1456992393212405
1 0.6572580645161291 0.7173785839672323 0.17961876832844573 0.14277355178466938
3 0.8878299120234605 0.18373317729666472 0.14809384164222875 0.11351667641895846
3 0.18475073313782991 0.29959040374488005 0.14809384164222875 0.11468695143358691
3 0.6836510263929619 0.30397893504973666 0.14736070381231672 0.11527208894090112
0 0.44208211143695025 0.5784084259801054 0.18475073313782991 0.1456992393212405
4 0.6572580645161291 0.7173785839672323 0.17961876832844573 0.14277355178466938
6 0.5172287390029325 0.29578700994733764 0.14736070381231672 0.11527208894090112
6 0.34017595307917886 0.4259801053247513 0.16715542521994134 0.13809245172615564
1 0.2944478868861376 0.7154811715481173 0.16950412479498728 0.14783821478382153
1 0.10222671443821396 0.7161785216178521 0.17998891601941946 0.1548117154811716
