1 0.31548672566371677 0.22331460674157302 0.15132743362831858 0.16198501872659177
7 0.5 0.41198501872659177 0.15575221238938053 0.16666666666666663
4 0.16017699115044248 0.4157303370786517 0.168141592920354 0.17415730337078653
2 0.8464601769911505 0.40636704119850187 0.12300884955752213 0.1348314606741573
4 0.17831858407079648 0.5912921348314607 0.17079646017699116 0.17696629213483145
5 0.6840707964601769 0.39747191011235955 0.13982300884955753 0.15262172284644196
5 0.6853982300884957 0.7172284644194756 0.13893805309734514 0.149812734082397
7 0.4730088495575221 0.22565543071161046 0.15486725663716813 0.16666666666666663
4 0.15575221238938053 0.2340823970037453 0.168141592920354 0.18164794007490637
5 0.6615044247787609 0.23080524344569286 0.1407079646017699 0.1544943820224719
2 0.18495575221238936 0.7705992509363295 0.168141592920354 0.17228464419475656
2 0.827155922538601 0.2398884239888424 0.13313585366756783 0.14504881450488147
1 0.3275669270929759 0.4121338912133891 0.15159032843336914 0.17154811715481175
2 0.8436331321509237 0.5564853556485356 0.13972673751249673 0.13668061366806136
5 0.6795201244121895 0.5536959553695955 0.1436812678194542 0.16457461645746158
5 0.686111008257118 0.9030683403068324 0.13840856074351068 0.15760111576011113
