2 0.24102611566168428 0.19667731037993433 0.15232850509818438 0.12003100559951871
2 0.41649312786339027 0.20069916627440776 0.1523285050981844 0.11361315044876324
2 0.5979045001247288 0.19684845318395483 0.1523285050981844 0.11361315044876324
2 0.5996159281649304 0.32392198516890197 0.1523285050981844 0.11361315044876324
2 0.4301845521850008 0.3132255599176439 0.1523285050981844 0.11361315044876324
2 0.2356522316154522 0.32691698423925436 0.1523285050981844 0.11361315044876324
2 0.24021603972265573 0.4355926647920374 0.1523285050981844 0.11361315044876324
2 0.4279026481313991 0.4411548059226918 0.1523285050981844 0.11361315044876324
2 0.5790787916825149 0.4552740872543526 0.1523285050981844 0.11361315044876324
2 0.5773673636423137 0.5806361911990985 0.1523285050981844 0.11361315044876324
2 0.4119293197561872 0.5660890528573874 0.1523285050981844 0.11361315044876324
2 0.2105512870258333 0.5643776248171862 0.1523285050981844 0.11361315044876324
5 0.8113247780932477 0.2130370364390641 0.17935792699777692 0.1367021862426238
5 0.7699792819346694 0.3663356542383003 0.17935792699777692 0.1367021862426238
5 0.7699792819346694 0.5305529770089923 0.17935792699777692 0.1367021862426238
3 0.4941077956416028 0.6987971181731567 0.14849438761179568 0.11530152449857062
3 0.36075401225689196 0.7507701538372848 0.14849438761179568 0.11530152449857062
4 0.7665331851693757 0.7368487938409487 0.21658969568624195 0.16244227176468143
6 0.3262909701247276 0.04904912751336159 0.16033263187163352 0.09809825502672317
6 0.6293759014259297 0.04272020783421815 0.1603326318716335 0.0854404156684363
6 0.9162869268804318 0.04614837266042083 0.16595833825309478 0.09229674532084166
