4 0.898531117124082 0.5572687224669604 0.156551990722845 0.22577092511013216
1 0.26845767298028606 0.5173458149779736 0.15268650947042905 0.21090308370044053
1 0.5800154619250096 0.5206497797356828 0.1449555469655972 0.20759911894273128
5 0.4331271743332045 0.14757709251101322 0.13954387321221493 0.1960352422907489
5 0.707769617317356 0.14372246696035243 0.1352918438345574 0.19162995594713655
2 0.29938152299961346 0.14840308370044053 0.12562814070351758 0.17455947136563876
7 0.8633552377270971 0.15253303964757708 0.1457286432160804 0.2092511013215859
1 0.1142249710088906 0.503579295154185 0.15732508697332817 0.21200440528634362
5 0.5718979512949361 0.14179515418502203 0.1364514882102822 0.1932819383259912
4 0.740046385775029 0.5448788546255507 0.15964437572477774 0.22742290748898678
6 0.5718979512949361 0.14179515418502203 0.1364514882102822 0.1932819383259912
1 0.43254735214534207 0.5060572687224669 0.14843448009277155 0.20814977973568283
2 0.1721306226394694 0.13814215113358116 0.12562814070351758 0.17455947136563876
