7 0.21553930530164533 0.675385462555066 0.12321755027422303 0.18226872246696035
2 0.2109689213893967 0.3463656387665198 0.09798903107861062 0.14317180616740088
5 0.21005484460694696 0.5019273127753304 0.11078610603290677 0.16354625550660792
2 0.8389396709323583 0.3279185022026432 0.09396709323583181 0.1393171806167401
1 0.45758683729433275 0.8309471365638766 0.11590493601462523 0.17731277533039644
1 0.22303473491773307 0.8554515418502203 0.11773308957952468 0.1789647577092511
2 0.5308957952468008 0.3427863436123348 0.09506398537477148 0.14151982378854625
2 0.7409506398537477 0.3397577092511013 0.09469835466179159 0.14096916299559473
5 0.3210237659963437 0.48843612334801767 0.10895795246800731 0.16299559471365638
5 0.6469835466179158 0.49201541850220265 0.10712979890310786 0.16134361233480177
2 0.3193784277879342 0.33562775330396477 0.09689213893967093 0.14041850220264318
5 0.5391224862888483 0.5000000000000001 0.10859232175502742 0.16189427312775334
1 0.5740402193784278 0.8243392070484583 0.11553930530164534 0.1762114537444934
1 0.34040219378427794 0.8381057268722468 0.1170018281535649 0.17841409691629956
6 0.12321755027422303 0.17483480176211455 0.10457038391224863 0.15143171806167402
5 0.7588123283006766 0.4889867841409692 0.10712979890310786 0.16189427312775334
2 0.6376599634369287 0.3411343612334802 0.0943327239488117 0.14041850220264318
2 0.1 0.3414096916299559 0.09762340036563072 0.14317180616740088
1 0.7552102376599633 0.4889867841409692 0.10712979890310786 0.16189427312775334
7 0.3389396709323583 0.6577643171806167 0.1213893967093236 0.18116740088105726
7 0.08427787934186473 0.678964757709251 0.12614259597806216 0.183920704845815
1 0.10383912248628885 0.8562775330396477 0.11992687385740403 0.17951541850220265
2 0.9338208409506399 0.32268722466960353 0.09360146252285192 0.13876651982378854
2 0.42979890310786106 0.34609030837004406 0.09542961608775137 0.14041850220264318
1 0.9338208409506399 0.32268722466960353 0.09360146252285192 0.13876651982378854
7 0.08427787934186473 0.678964757709251 0.12614259597806216 0.183920704845815
5 0.42979890310786106 0.49862334801762115 0.1093235831809872 0.16244493392070486
5 0.09598864098435987 0.5019273127753304 0.11078610603290678 0.16354625550660792
