4 0.06874145006839946 0.8595454545454545 0.08686730506155951 0.11727272727272728
4 0.15629274965800274 0.8613636363636362 0.08823529411764706 0.1190909090909091
7 0.140218878248974 0.6431818181818183 0.08071135430916553 0.10818181818181818
2 0.4449384404924761 0.44227272727272726 0.06497948016415869 0.08818181818181818
5 0.210328317373461 0.5395454545454546 0.07455540355677155 0.10090909090909089
5 0.35909712722298215 0.5359090909090909 0.07387140902872777 0.09909090909090908
2 0.7065663474692201 0.4345454545454545 0.06566347469220246 0.0890909090909091
5 0.655608755129959 0.524090909090909 0.07455540355677155 0.09909090909090908
2 0.11730506155950753 0.45 0.06634746922024624 0.0890909090909091
2 0.5106019151846786 0.4409090909090909 0.06497948016415869 0.08727272727272728
2 0.04651162790697674 0.3581818181818182 0.06566347469220246 0.08727272727272728
6 0.6559507523939808 0.524090909090909 0.07523939808481532 0.09909090909090908
2 0.3142954856361149 0.4418181818181819 0.06634746922024624 0.08727272727272728
7 0.05848153214774282 0.6422727272727272 0.08139534883720931 0.10818181818181818
5 0.0560875512995896 0.5390909090909091 0.07660738714090287 0.1
5 0.5075239398084814 0.5340909090909091 0.07387140902872777 0.09909090909090908
5 0.28522571819425446 0.5368181818181817 0.07387140902872777 0.09909090909090908
6 0.6987004103967169 0.1309090909090909 0.08549931600547196 0.11272727272727273
2 0.6409028727770177 0.4318181818181818 0.06566347469220246 0.0890909090909091
2 0.11285909712722299 0.3518181818181818 0.06566347469220246 0.08727272727272728
1 0.6904924760601915 0.7695454545454544 0.0786593707250342 0.10636363636363637
1 0.6139432658536301 0.7743902573732463 0.0786593707250342 0.10636363636363635
1 0.5349639219897177 0.7647006517176625 0.0786593707250342 0.10636363636363635
1 0.4584147117831563 0.7630857174417318 0.0786593707250342 0.10636363636363635
1 0.38551070206262167 0.7582409146139399 0.0786593707250342 0.10636363636363635
1 0.30167109088400684 0.7469363746824255 0.0786593707250342 0.10636363636363635
1 0.22147668019141875 0.7517811775102173 0.0786593707250342 0.10636363636363635
1 0.1449274699848574 0.7453214404064948 0.0786593707250342 0.10636363636363635
1 0.06716319294962046 0.7517811775102173 0.0786593707250342 0.10636363636363635
7 0.2204132889415621 0.6447967524577488 0.08071135430916553 0.10818181818181818
5 0.5802746117520732 0.5337805147464929 0.07455540355677155 0.09909090909090908
5 0.43568165913967954 0.5337805147464929 0.07455540355677155 0.09909090909090908
5 0.135560152456812 0.5386253175742848 0.07455540355677155 0.09909090909090908
2 0.048046252324999615 0.44677013144813876 0.06634746922024624 0.0890909090909091
2 0.18413373713666428 0.44838506572406944 0.06634746922024624 0.0890909090909091
2 0.24853227905646988 0.4403103943444162 0.06634746922024624 0.0890909090909091
2 0.3797594965534322 0.44354026289627746 0.06634746922024624 0.0890909090909091
2 0.5741701891415246 0.4386954600684856 0.06634746922024624 0.0890909090909091
2 0.7722260822156437 0.44354026289627746 0.06634746922024624 0.0890909090909091
2 0.8378396909641248 0.45161493427593064 0.06634746922024624 0.0890909090909091
2 0.9010231660552548 0.4451551971722082 0.06634746922024624 0.0890909090909091
2 0.1804885366506375 0.3547188777200929 0.06634746922024624 0.0890909090909091
