2 0.3977973124211502 0.07218715708028593 0.1276988614611745 0.12418823984024874
2 0.3539145421595781 0.1858435320577574 0.1276988614611745 0.12418823984024874
2 0.7260404339777086 0.1454713834171111 0.1276988614611745 0.12418823984024874
2 0.6071181265688486 0.17531166719498006 0.1276988614611745 0.12418823984024874
2 0.4728368495684383 0.35259805905173086 0.1276988614611745 0.12418823984024874
2 0.38243834282960004 0.42412697457809323 0.1276988614611745 0.12418823984024874
2 0.5355892110424864 0.45352843065334647 0.1276988614611745 0.12418823984024874
2 0.6966389779024555 0.41140097120223734 0.1276988614611745 0.12418823984024874
2 0.8306984299103349 0.3853606459920737 0.1276988614611745 0.12418823984024874
2 0.6702837281243689 0.6806024284202326 0.1276988614611745 0.12418823984024874
2 0.6658042594181307 0.802891924100535 0.1276988614611745 0.12418823984024874
5 0.2636487295671617 0.8351009516629759 0.13822360579249252 0.1420631503978396
5 0.3961130184516338 0.8088640635264379 0.13822360579249252 0.1420631503978396
5 0.4834399619846071 0.22019277161936443 0.13822360579249252 0.1420631503978396
5 0.5249206104139885 0.07103157519891981 0.13822360579249252 0.1420631503978396
7 0.1911636323719817 0.7128135444378978 0.15422693052383607 0.15163488127133476
7 0.3528427044967594 0.6758768425897526 0.15098686895820937 0.15163488127133481
7 0.6340800483931663 0.5456263676515549 0.15098686895820937 0.15163488127133481
7 0.6042714819893997 0.31687802111830227 0.15098686895820937 0.15163488127133481
5 0.767917367446641 0.2674976704775158 0.13822360579249252 0.1420631503978396
5 0.7873577368404016 0.5014301155157713 0.13822360579249252 0.1420631503978396
1 0.535906182954674 0.7974961521483234 0.14256270888757974 0.14450674582695577
1 0.5417382937728021 0.6523413940082423 0.14256270888757974 0.14450674582695577
1 0.8074233421542003 0.6393811477457351 0.1477468073925829 0.14450674582695577
1 0.7989991820835703 0.7819438566333146 0.1477468073925829 0.14450674582695577
1 0.24818871592701278 0.5752279287463243 0.1477468073925829 0.14450674582695577
1 0.24559666667451133 0.4359052814243716 0.1477468073925829 0.14450674582695577
1 0.31234193492642354 0.31083890499117683 0.1477468073925829 0.14450674582695577
4 0.4377323175161814 0.5495144415303075 0.1587630167157142 0.16459512753384076
