1 0.6431718061674009 0.23616236162361623 0.15198237885462554 0.1090610906109061
7 0.5338656387665197 0.37433374333743336 0.15583700440528633 0.11398113981139811
7 0.6913546255506607 0.3774087740877409 0.15693832599118943 0.11603116031160311
5 0.31497797356828194 0.6599015990159901 0.1420704845814978 0.10619106191061911
1 0.1919052863436123 0.09983599835998358 0.15253303964757708 0.1127511275112751
7 0.37252202643171806 0.516810168101681 0.15803964757709252 0.11603116031160311
7 0.848568281938326 0.38314883148831486 0.15638766519823788 0.11521115211152111
1 0.825715859030837 0.07974579745797458 0.15143171806167402 0.11439114391143912
2 0.42896475770925113 0.7837228372283724 0.12665198237885464 0.09471094710947109
2 0.1740088105726872 0.7829028290282903 0.1277533039647577 0.09471094710947109
7 0.37582599118942733 0.3726937269372694 0.15693832599118943 0.11644116441164412
7 0.22742751552909518 0.37023370233702335 0.15638766519823788 0.11726117261172611
1 0.6613436123348018 0.0953259532595326 0.15198237885462554 0.10947109471094711
5 0.17125550660792954 0.6506765067650677 0.14317180616740088 0.10742107421074211
1 0.49063876651982374 0.23267732677326772 0.15088105726872247 0.11029110291102912
5 0.4647577092511013 0.6525215252152522 0.14317180616740088 0.1070110701107011
2 0.3020374449339207 0.7800328003280032 0.1261013215859031 0.09471094710947109
1 0.18447136563876654 0.22714227142271423 0.15088105726872247 0.11316113161131611
1 0.3370044052863436 0.2308323083230832 0.15088105726872247 0.11152111521115211
1 0.5077092511013216 0.09102091020910208 0.15198237885462554 0.11152111521115211
2 0.6852973568281939 0.7882328823288234 0.12830396475770925 0.0963509635096351
2 0.6751101321585904 0.9268142681426813 0.1277533039647577 0.0971709717097171
4 0.18447136563876654 0.22714227142271423 0.15088105726872247 0.11316113161131611
2 0.5569933920704846 0.7861828618286184 0.12720264317180616 0.0963509635096351
2 0.2907488986784141 0.921279212792128 0.12665198237885464 0.0951209512095121
7 0.37252202643171806 0.516810168101681 0.15803964757709252 0.11603116031160311
2 0.5468061674008811 0.923739237392374 0.12665198237885464 0.0951209512095121
7 0.49063876651982374 0.23267732677326772 0.15088105726872247 0.11029110291102912
7 0.19741189427312775 0.5104551045510455 0.15693832599118943 0.11726117261172611
2 0.6852973568281939 0.7882328823288234 0.12830396475770925 0.0963509635096351
1 0.3417587506681658 0.08588899696528345 0.15253303964757708 0.1127511275112751
5 0.6221038467918825 0.6553109254941921 0.14317180616740088 0.10701107011070109
2 0.41661290619873553 0.9198407674453313 0.1277533039647577 0.0971709717097171
2 0.16560835345510852 0.9128672667479814 0.1277533039647577 0.0971709717097171
