1 0.21199442119944215 0.5760111576011159 0.18967921896792195 0.1813110181311017
1 0.45467224546722457 0.26359832635983266 0.18967921896792195 0.1813110181311017
1 0.2705718270571827 0.8005578800557881 0.18967921896792195 0.1813110181311017
4 0.706415620641562 0.7698744769874477 0.2384937238493724 0.22873082287308236
6 0.26778242677824265 0.38493723849372385 0.1701534170153417 0.1589958158995816
6 0.1729428172942817 0.23570432357043233 0.1701534170153417 0.1589958158995816
0 0.44769874476987437 0.4686192468619247 0.1422594142259414 0.14225941422594146
2 0.705718270571827 0.4909344490934449 0.1729428172942818 0.17573221757322174
2 0.49790794979079495 0.10878661087866107 0.1729428172942818 0.17573221757322174
7 0.6387726638772664 0.25523012552301255 0.18688981868898183 0.1701534170153417
