4 0.20083682008368206 0.5125523012552301 0.2649930264993027 0.2552301255230128
1 0.5794979079497908 0.813807531380753 0.23012552301255226 0.23012552301255235
1 0.3368200836820084 0.7970711297071129 0.23012552301255226 0.23012552301255235
1 0.4372384937238494 0.409344490934449 0.23012552301255226 0.23012552301255235
2 0.5690376569037655 0.598326359832636 0.19246861924686187 0.19804741980474205
0 0.38912133891213385 0.6011157601115761 0.15341701534170146 0.16457461645746158
3 0.7482566248256624 0.6248256624825661 0.1771269177126918 0.17852161785216197
3 0.611576011157601 0.3207810320781031 0.1771269177126918 0.17852161785216197
6 0.7656903765690376 0.4330543933054393 0.200836820083682 0.20502092050209206
6 0.13528591352859126 0.7273361227336124 0.200836820083682 0.20502092050209206
5 0.28033472803347276 0.23640167364016734 0.22315202231520226 0.2245467224546722
