2 0.38692295630722495 0.18695457035681337 0.15807024794175384 0.15680060739603705
2 0.28281243155843927 0.3031266802899097 0.15807024794175384 0.15680060739603705
2 0.4364389375901838 0.3393114358428413 0.15807024794175384 0.15680060739603705
2 0.5773690381647596 0.45992728768594676 0.15807024794175384 0.15680060739603705
2 0.6890974061878467 0.7265518022864955 0.15807024794175384 0.15680060739603705
5 0.5443583839761205 0.6189497660369883 0.16568809121605532 0.17394075476321505
5 0.2259960171376077 0.45294426468450366 0.17901931694608308 0.1720362939446397
5 0.6329158120398737 0.310744523564211 0.17901931694608308 0.1720362939446397
1 0.5827650104840565 0.13680376880099585 0.18409787912895034 0.18473269940180878
1 0.4075546151751244 0.506903987877472 0.18409787912895034 0.18473269940180878
5 0.35169043116358095 0.7351218759700824 0.19425500349468558 0.19044608185753537
5 0.5230919048353624 0.7995561336652139 0.1879068007661011 0.18854162103896177
5 0.7141728069657556 0.5602288907975784 0.1879068007661011 0.18854162103896177
0 0.666561286501372 0.8587524892889948 0.1282336951174068 0.12505959375311462
