1 0.33448806774441875 0.518327605956472 0.1878367975365666 0.27835051546391754
3 0.31197074672825253 0.7723367697594502 0.1535796766743649 0.23195876288659792
3 0.17936874518860663 0.6646620847651776 0.15011547344110854 0.22623138602520046
2 0.7644341801385681 0.7577319587628866 0.17090069284064666 0.24742268041237114
3 0.10662047729022324 0.8926116838487972 0.15396458814472672 0.21477663230240548
5 0.4476520400307929 0.30269186712485685 0.17936874518860663 0.2663230240549828
0 0.6812933025404156 0.49455899198167247 0.13779830638953042 0.20103092783505155
6 0.11470361816782142 0.3943298969072165 0.16782140107775212 0.2479954180985109
3 0.4955735180908391 0.6073883161512027 0.1558891454965358 0.23195876288659792
2 0.7644341801385681 0.7577319587628866 0.17090069284064666 0.24742268041237114
1 0.5879522709776751 0.8416380297823597 0.19822940723633564 0.29152348224513175
0 0.2496150885296382 0.9335624284077894 0.13433410315627406 0.13287514318442153
0 0.4207195106631751 0.8948379320095665 0.13779830638953042 0.20103092783505158
2 0.86941354952796 0.5652633395160246 0.17090069284064666 0.24742268041237112
