4 0.19037656903765687 0.4860529986052999 0.23849372384937234 0.2440725244072524
4 0.41073919107391904 0.5320781032078103 0.23849372384937234 0.2440725244072524
4 0.8207810320781032 0.3172942817294282 0.23849372384937234 0.2440725244072524
4 0.22663877266387722 0.2684797768479777 0.23849372384937234 0.2440725244072524
7 0.603207810320781 0.6820083682008368 0.2217573221757323 0.23152022315202217
7 0.4358437935843793 0.2956764295676429 0.2217573221757323 0.23152022315202217
5 0.3549511854951185 0.7468619246861925 0.2133891213389121 0.21338912133891214
5 0.6143654114365411 0.47210599721059965 0.2133891213389121 0.21338912133891214
2 0.7914923291492328 0.5474198047419805 0.18549511854951192 0.18270571827057175
2 0.6269177126917713 0.26569037656903766 0.18549511854951192 0.18270571827057175
