5 0.40331491712707185 0.4355921855921856 0.17458563535911606 0.19108669108669107
3 0.2121546961325967 0.8907203907203908 0.15469613259668508 0.16727716727716724
2 0.4129834254143646 0.6483516483516483 0.156353591160221 0.17216117216117216
4 0.21519337016574586 0.16269841269841268 0.20165745856353592 0.22039072039072038
5 0.6417127071823205 0.40201465201465203 0.17624309392265192 0.1862026862026862
1 0.6096685082872928 0.16300366300366304 0.18176795580110497 0.19413919413919417
5 0.21160220994475135 0.4478021978021978 0.1767955801104972 0.18986568986568986
3 0.4237569060773481 0.8482905982905983 0.15248618784530388 0.1654456654456654
2 0.21187845303867406 0.6773504273504274 0.15856353591160222 0.17155067155067155
2 0.6577348066298343 0.6401098901098901 0.1574585635359116 0.17277167277167277
4 0.417139785940498 0.17664541409311282 0.20165745856353592 0.22039072039072038
2 0.8824001941792461 0.6456886906677702 0.1574585635359116 0.17277167277167277
0 0.6190919808594744 0.8486750348675035 0.15777063732402502 0.17154811715481175
