4 0.9166666666666665 0.40102040816326534 0.13107947805456702 0.11224489795918367
5 0.6417556346381968 0.38341836734693885 0.11269276393831554 0.09846938775510203
5 0.6364175563463819 0.11275510204081635 0.11387900355871886 0.1
7 0.7749110320284697 0.11836734693877551 0.12277580071174377 0.10816326530612246
6 0.46026097271648875 0.10306122448979593 0.10913404507710558 0.09489795918367347
6 0.4605575326215896 0.23545918367346944 0.10972716488730723 0.09540816326530614
5 0.6417556346381968 0.5193877551020408 0.11387900355871886 0.0979591836734694
7 0.7784697508896796 0.3943877551020408 0.12277580071174377 0.10612244897959183
4 0.9309015421115064 0.12346938775510204 0.13226571767497033 0.11428571428571428
3 0.4552194543297746 0.375 0.09667852906287071 0.0836734693877551
4 0.9273428232502964 0.25816326530612244 0.13107947805456702 0.11428571428571428
7 0.786476868327402 0.24948979591836737 0.12336892052194544 0.10714285714285714
3 0.45462633451957296 0.5048469387755101 0.09667852906287071 0.08316326530612245
0 0.44780545670225386 0.6147959183673469 0.0830367734282325 0.07142857142857142
6 0.45462633451957296 0.5048469387755101 0.09667852906287071 0.08316326530612245
5 0.6479833926453145 0.23801020408163265 0.1132858837485172 0.09846938775510203
1 0.9309015421115064 0.12346938775510204 0.13226571767497033 0.11428571428571428
0 0.43920521945432983 0.725 0.08362989323843414 0.07244897959183673
1 0.9083629893238435 0.5301020408163265 0.11803084223013048 0.10102040816326531
6 0.4552194543297746 0.375 0.09667852906287071 0.0836734693877551
5 0.4605575326215896 0.23545918367346944 0.10972716488730723 0.09540816326530614
0 0.45996441281138795 0.10306122448979593 0.1085409252669039 0.09489795918367347
5 0.6479833926453145 0.23775510204081635 0.1132858837485172 0.0979591836734694
