0 0.24694508614193658 0.914299263164109 0.11045872747737018 0.11045872747736978
0 0.4092776987728829 0.694832825975902 0.11045872747737018 0.11045872747736978
0 0.37464967492879514 0.5902457835582252 0.11045872747737018 0.11045872747736978
0 0.5088044240535732 0.5612683577472731 0.11045872747737018 0.11045872747736978
0 0.723988641649717 0.3460841401511292 0.11045872747737018 0.11045872747736978
3 0.613998167908692 0.8015234416908058 0.1303920840451262 0.13286788310927253
3 0.5723222169955341 0.40126925965355376 0.12626575227154763 0.1262657522715442
3 0.31731491338829493 0.4235514512308854 0.12626575227154763 0.1262657522715442
3 0.2611968012676079 0.5481666707929991 0.12626575227154763 0.1262657522715442
2 0.8760202355310167 0.39117625213537643 0.14112054665643406 0.13699421488285313
2 0.7868914692216903 0.4935092801201585 0.14112054665643406 0.13699421488285313
2 0.7617208454028527 0.7159185627161163 0.143596345720582 0.13781948123756899
2 0.533122065146525 0.6911605720746367 0.143596345720582 0.13781948123756899
2 0.4316143035164589 0.8207273897650463 0.143596345720582 0.13781948123756899
1 0.44151749977305166 0.3486750348675035 0.15845114010546893 0.15597534104132113
5 0.5368357637427477 0.23272511202990742 0.15102374291302537 0.15019847655830898
6 0.266561032573263 0.27646422882985483 0.1435963457205813 0.13699421488285343
6 0.2624347007996829 0.7027143010406611 0.1435963457205812 0.141120546656433
3 0.42707533856552077 0.4903980259628802 0.12626575227154763 0.1262657522715442
1 0.6412319576143188 0.5314715324370941 0.15845114010546876 0.16010167281490081
