1 0.0894510582010582 0.6102843915343915 0.105489417989418 0.09755291005291006
0 0.8523478835978837 0.09656084656084656 0.06911375661375661 0.0701058201058201
2 0.3845899470899471 0.06977513227513227 0.08465608465608465 0.08796296296296297
3 0.9624669312169312 0.0701058201058201 0.07506613756613757 0.08134920634920634
2 0.2946428571428571 0.27711640211640215 0.08531746031746032 0.08465608465608465
5 0.49867724867724866 0.6377314814814815 0.09060846560846562 0.08961640211640212
2 0.2982804232804233 0.07572751322751323 0.08597883597883599 0.08928571428571429
6 0.9231150793650792 0.574239417989418 0.08961640211640212 0.08697089947089948
2 0.3005952380952381 0.1909722222222222 0.08597883597883599 0.08564814814814815
4 0.09242724867724866 0.4697420634920635 0.11673280423280423 0.11011904761904762
2 0.48974867724867727 0.2835648148148148 0.08267195767195767 0.08366402116402118
2 0.3951719576719577 0.28587962962962965 0.08333333333333331 0.08432539682539683
2 0.48726851851851855 0.07357804232804233 0.08432539682539683 0.08829365079365079
0 0.9528769841269842 0.18601190476190474 0.06845238095238096 0.06845238095238096
5 0.23875661375661378 0.5353835978835978 0.0958994708994709 0.0925925925925926
3 0.05472883597883598 0.33449074074074076 0.08697089947089948 0.08300264550264551
5 0.24222883597883593 0.41898148148148145 0.09689153439153438 0.09325396825396826
7 0.38508597883597884 0.6476521164021163 0.10085978835978836 0.09887566137566138
5 0.24222883597883593 0.41898148148148145 0.09689153439153438 0.09325396825396826
5 0.48098544973544977 0.4006283068783069 0.09226190476190477 0.0916005291005291
6 0.6119378306878306 0.11937830687830689 0.09027777777777776 0.09126984126984126
5 0.49289021164021163 0.5196759259259259 0.0916005291005291 0.09027777777777776
6 0.6195436507936507 0.6263227513227513 0.08763227513227513 0.08664021164021164
5 0.49272486772486773 0.5196759259259259 0.09193121693121693 0.09027777777777776
3 0.055059523809523815 0.15244708994708994 0.08630952380952381 0.08399470899470901
5 0.3768187830687831 0.5330687830687831 0.09226190476190477 0.09060846560846562
6 0.6226851851851852 0.296957671957672 0.08862433862433862 0.08862433862433862
2 0.20006613756613756 0.18270502645502645 0.08796296296296297 0.08630952380952381
1 0.07936507936507936 0.8619378306878308 0.10383597883597882 0.09821428571428571
7 0.36491402116402116 0.7632275132275131 0.10152116402116401 0.10052910052910052
2 0.40029761904761907 0.18931878306878308 0.08366402116402118 0.08564814814814815
5 0.3657407407407407 0.4031084656084656 0.09391534391534391 0.0925925925925926
1 0.22056878306878308 0.7642195767195767 0.09986772486772487 0.09656084656084656
7 0.36491402116402116 0.7632275132275131 0.10152116402116401 0.10052910052910052
3 0.7366071428571429 0.40906084656084657 0.07903439153439154 0.07671957671957672
3 0.7504960317460317 0.3035714285714286 0.07837301587301587 0.0787037037037037
0 0.8377976190476191 0.6360780423280423 0.06779100529100529 0.06646825396825397
2 0.19560185185185183 0.05886243386243386 0.08829365079365079 0.08928571428571429
6 0.49867724867724866 0.6377314814814815 0.09060846560846562 0.08961640211640212
1 0.08399470899470898 0.7366071428571428 0.10515873015873016 0.09887566137566138
5 0.05472883597883598 0.33449074074074076 0.08697089947089948 0.08300264550264551
6 0.6345899470899472 0.779431216931217 0.0873015873015873 0.0873015873015873
5 0.23148148148148145 0.6433531746031745 0.10515873015873016 0.1001984126984127
2 0.48627645502645495 0.17741402116402116 0.08366402116402118 0.08697089947089948
0 0.6572420634920636 0.5302579365079365 0.06646825396825397 0.06712962962962964
1 0.2037037037037037 0.884589947089947 0.10052910052910052 0.09920634920634921
6 0.6178902116402116 0.4561838624338624 0.08829365079365079 0.08697089947089948
5 0.20006613756613756 0.18270502645502645 0.08796296296296297 0.08630952380952381
4 0.07936507936507936 0.8619378306878308 0.10383597883597882 0.09821428571428571
6 0.6117724867724867 0.11937830687830689 0.09060846560846562 0.09126984126984126
5 0.23875661375661378 0.5353835978835978 0.0958994708994709 0.0925925925925926
5 0.6195436507936507 0.6263227513227513 0.08763227513227513 0.08664021164021164
7 0.497960437009271 0.7555146775263393 0.10152116402116401 0.10052910052910052
1 0.32807317938513264 0.8739847980008328 0.10052910052910052 0.09920634920634923
1 0.4669042220062628 0.8672360667623055 0.10052910052910052 0.09920634920634923
6 0.6220565890755396 0.8903032301355915 0.0873015873015873 0.0873015873015873
0 0.8445463502861464 0.7344166975180094 0.06779100529100529 0.06646825396825397
0 0.9322798563869994 0.7257397573541887 0.06779100529100529 0.06646825396825397
0 0.9332439608496462 0.830827143782683 0.06779100529100529 0.06646825396825397
0 0.8435822458234999 0.8298630393200362 0.06779100529100529 0.06646825396825397
2 0.19428151079025713 0.2771872637944067 0.08796296296296297 0.08630952380952381
0 0.8501537450848043 0.20694289175726222 0.07147667501245741 0.07145605919079166
3 0.7412131380368534 0.20331617651229825 0.08546177106911547 0.08477977958607517
3 0.7483018932329537 0.08820829451848247 0.08546177106911547 0.08477977958607517
0 0.84610302782989 0.32846440940469235 0.07147667501245741 0.07145605919079166
0 0.9298178510981198 0.29200795411046326 0.07147667501245741 0.07145605919079166
0 0.934206128124277 0.39496368433953594 0.07147667501245741 0.07145605919079166
0 0.8369889140063329 0.4368210959736507 0.07147667501245741 0.07145605919079166
0 0.82719968064029 0.5377514675752662 0.07147667501245741 0.07145605919079166
3 0.7497719739356147 0.5174175331298051 0.07903439153439154 0.07671957671957672
