1 0.21460400591132361 0.24510731103891356 0.18868910385433338 0.18095082224960135
1 0.08962044006019765 0.37130858519937043 0.1792408801203953 0.1809508222496009
3 0.24666612676816757 0.41403466148364104 0.15319619911456647 0.1450977216283338
2 0.3674684159378031 0.3303503941259037 0.14914696037145017 0.15049670661915496
2 0.6232453298779808 0.4906327610409231 0.13834899038980925 0.13902386351365967
6 0.5108789547565056 0.39176384839650097 0.16061980347694674 0.15724543785768194
5 0.29559442824748927 0.6478781988986065 0.17411726595400073 0.16871828096317784
2 0.9372367994816944 0.6755479969765649 0.1255264010366041 0.13902386351365922
7 0.7372988878090904 0.6006370802289165 0.17749163157326392 0.17681675844941241
7 0.8274446361955359 0.20118531101655704 0.17368270993611346 0.18126050035942157
