4 0.4105805243445693 0.3130387931034483 0.16760299625468164 0.17995689655172412
4 0.28698501872659177 0.43211206896551724 0.16573033707865167 0.18318965517241378
1 0.4307116104868913 0.13793103448275862 0.14794007490636704 0.15948275862068967
1 0.3703183520599251 0.6567887931034484 0.15636704119850187 0.17349137931034483
1 0.75 0.39816810344827586 0.15168539325842698 0.16487068965517243
5 0.5866104868913857 0.8189655172413793 0.150749063670412 0.17025862068965517
1 0.1928838951310861 0.7052801724137931 0.15168539325842698 0.16918103448275862
2 0.6170411985018727 0.34752155172413796 0.12734082397003746 0.13685344827586207
7 0.8309925093632958 0.5522629310344827 0.1601123595505618 0.17780172413793102
1 0.5341760299625469 0.5818965517241379 0.1544943820224719 0.17025862068965517
2 0.7003745318352059 0.2456896551724138 0.1254681647940075 0.13577586206896552
5 0.6825842696629215 0.6109913793103449 0.14794007490636704 0.16594827586206898
