4 0.08792184724689164 0.8901431718061674 0.15008880994671403 0.18777533039647576
1 0.7679840142095915 0.6808920704845814 0.13010657193605685 0.16354625550660792
4 0.23867673179396093 0.8821585903083701 0.14964476021314388 0.18722466960352424
5 0.5242007104795736 0.3683920704845815 0.1238898756660746 0.15308370044052863
7 0.3894316163410302 0.5327643171806167 0.13676731793960922 0.17015418502202642
5 0.3854351687388987 0.37087004405286345 0.12433392539964476 0.15363436123348018
1 0.6367673179396093 0.686398678414097 0.13143872113676733 0.16464757709251102
1 0.3710035523978686 0.6998898678414096 0.13188277087033748 0.16519823788546253
7 0.11101243339253995 0.5426762114537445 0.13943161634103018 0.1712555066079295
5 0.12633214920071048 0.3796806167400881 0.12744227353463589 0.15473568281938327
2 0.5240714882302541 0.2249449339207049 0.108348134991119 0.13381057268722468
1 0.5035523978685612 0.6946585903083701 0.13232682060390763 0.1657488986784141
1 0.8989786856127886 0.6830947136563877 0.13010657193605685 0.16244493392070486
7 0.2508880994671403 0.5366189427312775 0.13765541740674955 0.1712555066079295
5 0.25599467140319715 0.3733480176211454 0.12655417406749556 0.15418502202643172
2 0.8590142095914743 0.24008810572687225 0.10879218472468917 0.13325991189427314
2 0.7466696269982239 0.23155286343612336 0.10879218472468917 0.1327092511013216
2 0.266651865008881 0.22577092511013216 0.11056838365896979 0.1343612334801762
2 0.4005328596802841 0.22659691629955944 0.11012433392539965 0.13491189427312775
1 0.23667850799289517 0.7048458149779735 0.13321492007104796 0.16519823788546253
2 0.14098579040852577 0.23292951541850218 0.11145648312611012 0.1354625550660793
7 0.5277531083481349 0.5302863436123348 0.13632326820603907 0.1696035242290749
1 0.10213143872113678 0.7128303964757708 0.1341030195381883 0.1679515418502203
3 0.16585257548845472 0.09030837004405284 0.10701598579040854 0.1288546255506608
7 0.3854351687388987 0.37059471365638763 0.12433392539964476 0.15308370044052863
5 0.5242007104795736 0.3683920704845815 0.1238898756660746 0.15308370044052863
2 0.6370727032970827 0.21891777423308947 0.108348134991119 0.13381057268722468
