3 0.6209411992012437 0.08776554052314374 0.14230555499109784 0.14544003858120963
3 0.5190704825225931 0.264236966646465 0.13164831078471625 0.136036587810873
3 0.41406528225383143 0.4491714984630894 0.12851382719460402 0.1360365878108729
3 0.4974425457508183 0.5595053208350418 0.12851382719460402 0.1360365878108729
3 0.44979839518111153 0.9319817060945635 0.12851382719460402 0.1360365878108729
3 0.6124780935079388 0.9012637669114605 0.13540969109285142 0.13603658781087263
0 0.6547936219744557 0.775570974947959 0.12224486001438044 0.12537934360449376
0 0.5055922030851102 0.8332454730060231 0.11346830596206754 0.11785658298822793
0 0.18650177361167955 0.8520523745466967 0.11346830596206754 0.11785658298822793
0 0.293074215675497 0.6395343871370825 0.10343795847370847 0.10782623549987039
3 0.1774117712003537 0.5548035954498711 0.11284140924404279 0.12537934360449485
3 0.376764927531495 0.5704760134004321 0.12412555016844762 0.12537934360449626
0 0.23101144059127374 0.34802741325663994 0.10343795847370847 0.10782623549987039
0 0.33570319250102415 0.3298474084339887 0.10343795847370847 0.10782623549987039
0 0.5623263560661423 0.37874535243973995 0.11660278955218036 0.11785658298823015
6 0.2526393773630493 0.7526892447401362 0.1291407239126256 0.13979796811900605
6 0.37049596035126997 0.8185134001324913 0.13540969109284987 0.14732072873527569
6 0.4491714984630881 0.70379130073438 0.1410517615550521 0.14732072873527544
6 0.6397481007419134 0.5671278162054819 0.15484348935154568 0.157351076223635
6 0.7469474395237533 0.4357929537797765 0.1661276302759501 0.15797797294165863
6 0.6635701760267666 0.27468049724800503 0.1661276302759501 0.15797797294165863
