1 0.18249027237354085 0.6714132186996238 0.13929961089494164 0.09511015583019881
1 0.1610894941634241 0.28613648576034384 0.1431906614785992 0.09725953788285867
5 0.46225680933852137 0.20472864051585168 0.13229571984435798 0.092423428264374
2 0.8743190661478599 0.20231058570660934 0.11284046692607004 0.0800644814615798
1 0.16692607003891052 0.3836646963997851 0.1424124513618677 0.09564750134336379
1 0.17898832684824903 0.57576571735626 0.14163424124513618 0.09511015583019881
2 0.5789883268482491 0.10209564750134337 0.11517509727626458 0.0816765180010747
7 0.3350194552529183 0.49623858140784527 0.14552529182879378 0.09940891993551854
1 0.17003891050583658 0.4801182160128963 0.1424124513618677 0.09618484685652874
2 0.7361867704280155 0.8194519075765716 0.11206225680933853 0.0784524449220849
2 0.6105058365758755 0.7404621171413218 0.11439688715953307 0.07952713594841483
2 0.6171206225680934 0.8992477162815691 0.11361867704280156 0.07791509940891994
5 0.4439688715953307 0.09537882858678132 0.13151750972762646 0.09403546480386887
7 0.29416342412451363 0.09081139172487909 0.14785992217898833 0.1031703385276733
2 0.8470817120622569 0.46722192369693716 0.11284046692607004 0.07898979043524987
2 0.5894941634241245 0.19048898441698012 0.11750972762645913 0.08328855454056958
1 0.15408560311284045 0.18860827512090275 0.1431906614785992 0.09779688339602365
1 0.14785992217898833 0.09000537345513164 0.1431906614785992 0.09940891993551854
7 0.33929961089494165 0.8876947877485223 0.1431906614785992 0.09672219236969372
1 0.7486381322957197 0.5679742074153681 0.11361867704280156 0.0784524449220849
7 0.3540856031128405 0.7912412681354111 0.1431906614785992 0.09725953788285867
7 0.3490272373540856 0.6934443847393874 0.14396887159533073 0.09725953788285867
2 0.7455252918287937 0.2909725953788286 0.11361867704280156 0.0800644814615798
2 0.7544747081712062 0.7340139709833423 0.11439688715953307 0.0784524449220849
7 0.3070038910505836 0.19666845781837722 0.14708171206225681 0.10102095647501344
2 0.1610894941634241 0.2864051585169264 0.1431906614785992 0.09779688339602365
5 0.3490272373540856 0.6934443847393874 0.14396887159533073 0.09725953788285867
2 0.7241245136186769 0.10800644814615797 0.11439688715953307 0.08382590005373455
5 0.4785992217898832 0.492208490059108 0.13073929961089495 0.09027404621171414
2 0.609727626459144 0.5754970445996777 0.11439688715953307 0.07952713594841483
7 0.3108949416342412 0.2979580870499731 0.14552529182879378 0.10048361096184846
5 0.3108949416342412 0.2979580870499731 0.14552529182879378 0.10048361096184846
2 0.8821011673151751 0.29876410531972053 0.11284046692607004 0.07952713594841483
2 0.6182879377431907 0.8207952713594842 0.11439688715953307 0.07898979043524987
2 0.7501945525291828 0.1875335840945728 0.11517509727626458 0.08060182697474476
6 0.8280155642023347 0.3820526598602902 0.11206225680933853 0.0784524449220849
5 0.16692607003891052 0.3839333691563676 0.1424124513618677 0.09618484685652874
5 0.7455252918287937 0.29124126813541107 0.11361867704280156 0.08060182697474476
6 0.29416342412451363 0.09081139172487909 0.14785992217898833 0.1031703385276733
2 0.16692607003891052 0.3839333691563676 0.1424124513618677 0.09618484685652874
5 0.3540856031128405 0.7912412681354111 0.1431906614785992 0.09725953788285867
7 0.30933852140077817 0.3981730252552391 0.14396887159533073 0.09887157442235357
5 0.3350194552529183 0.49623858140784527 0.14552529182879378 0.09940891993551854
5 0.15408560311284045 0.18860827512090275 0.1431906614785992 0.09779688339602365
2 0.715953307392996 0.37184309511015584 0.11517509727626458 0.07952713594841483
5 0.45953307392996107 0.4027404621171414 0.13151750972762646 0.09081139172487909
1 0.17779150340402317 0.7687466651127923 0.13929961089494164 0.09511015583019881
1 0.16933371925889137 0.8719201183107507 0.13929961089494164 0.09511015583019881
7 0.3443284683845679 0.5909198211841833 0.14396887159533073 0.09725953788285865
5 0.4537990251933896 0.29622208014422996 0.13229571984435798 0.092423428264374
5 0.48423774455330443 0.5837019296874861 0.13073929961089495 0.09027404621171414
2 0.6120482544778095 0.28587576190188524 0.11750972762645913 0.08328855454056958
2 0.6026507165387742 0.3819114290295447 0.11750972762645913 0.08328855454056958
2 0.6082892393021955 0.481840434013731 0.11750972762645913 0.08328855454056958
2 0.6134866416347581 0.6611504774432657 0.11439688715953307 0.07952713594841483
2 0.749625907508492 0.9037899437808501 0.11361867704280156 0.07791509940891994
2 0.7572939695529173 0.6522538759962808 0.11439688715953307 0.0784524449220849
1 0.7364213329749741 0.47388520921597194 0.11361867704280156 0.0784524449220849
2 0.8259045012797097 0.38157643975147265 0.11517509727626458 0.07952713594841483
2 0.8404879295673328 0.10757269786445878 0.11284046692607004 0.0800644814615798
