0 0.20956261716750707 0.19317158974799326 0.164784280165903 0.12090150990433102
0 0.5982385823414306 0.19249991469296923 0.164784280165903 0.12090150990433102
0 0.6237622344323444 0.36075451597649577 0.15135077906542166 0.11485643440911496
0 0.6349568186827452 0.5196056664896866 0.14866407884532595 0.11284140924404301
0 0.832877068229835 0.5095305406643257 0.15224634580545424 0.11284140924404303
0 0.6331656852026809 0.677449304420341 0.14866407884532595 0.11284140924404301
0 0.8319815014898029 0.6881961053007256 0.15761974624564704 0.11284140924404301
6 0.15896309635569442 0.7636945375623578 0.19254684910689762 0.14239511166510116
6 0.17866556463640024 0.5890590232561018 0.19254684910689762 0.14239511166510116
6 0.14194732829508486 0.33617336503954254 0.20329364998728258 0.14978353727036622
6 0.8212347006094184 0.25657987101919116 0.21135375064757173 0.1598586630957273
6 0.9210903921229959 0.33214331470939823 0.013433501100481209 0.010075125825360942
3 0.4401710527257681 0.21795855535530786 0.18538231518664092 0.13769338627993258
