0 0.400976290097629 0.6820083682008368 0.15760111576011154 0.15062761506276154
0 0.5041841004184101 0.5767085076708508 0.14644351464435149 0.1408647140864715
0 0.4400278940027894 0.4428172942817294 0.14644351464435149 0.1408647140864715
0 0.4483960948396094 0.27266387726638774 0.14644351464435149 0.1408647140864715
0 0.33403068340306824 0.34937238493723854 0.14644351464435149 0.1408647140864715
7 0.6283124128312414 0.4260808926080894 0.22175732217573196 0.21896792189679215
6 0.7301255230125517 0.600418410041841 0.20502092050209275 0.20223152022315222
6 0.8249651324965126 0.3744769874476988 0.20502092050209275 0.20223152022315222
2 0.2698744769874477 0.49372384937238495 0.1799163179916318 0.17852161785216183
5 0.612273361227336 0.22384937238493724 0.20083682008368206 0.19107391910739188
