1 0.7907949790794979 0.7753303964757708 0.09135285913528592 0.14757709251101322
1 0.5794979079497908 0.7970814977973568 0.09483960948396093 0.15363436123348018
2 0.23343793584379355 0.5121145374449338 0.08124128312412832 0.1222466960352423
2 0.43549511854951184 0.48568281938325986 0.07670850767085077 0.11674008810572686
2 0.8676778242677825 0.44796255506607935 0.0700836820083682 0.11068281938325991
5 0.6684100418410043 0.5947136563876652 0.08577405857740587 0.1343612334801762
5 0.5514295676429568 0.6230726872246696 0.08821478382147838 0.13491189427312775
2 0.5399232914923292 0.4763215859030837 0.07566248256624826 0.11343612334801761
4 0.8952231520223153 0.772852422907489 0.1007670850767085 0.15914096916299558
7 0.8790097629009763 0.5969162995594715 0.09065550906555091 0.1420704845814978
7 0.7845188284518829 0.5936123348017621 0.0899581589958159 0.14537444933920704
2 0.6628312412831241 0.4355726872246696 0.07461645746164575 0.11013215859030837
2 0.3355997210599721 0.4980726872246696 0.07845188284518828 0.11949339207048458
5 0.43549511854951184 0.48568281938325986 0.07670850767085077 0.11674008810572686
0 0.6630055788005579 0.4355726872246696 0.07496513249651325 0.11013215859030837
5 0.4381101813110181 0.6583149779735683 0.0896094839609484 0.1393171806167401
1 0.6911425658129362 0.7781223722969363 0.09483960948396093 0.15363436123348018
2 0.14220144124595444 0.5291777503953123 0.08124128312412832 0.1222466960352423
2 0.7764413296699435 0.4384829923158691 0.0700836820083682 0.11068281938325991
